1.252553254326354516e-06 1.545627403773291758e-04 1.535318741152393832e-04 1.122627158732521062e-04 7.161355160030522036e-05 4.788571607218190996e-05 2.168512627704395301e-05 3.037854337562710601e-05 3.634571098670094923e-05 1.983338109571485881e-05 1.888631762730632821e-05 2.947528731289827020e-06 2.147906387997630526e-06 3.596755959173565449e-07
1.545627403773291758e-04 6.396377099926155857e-03 1.810802666543890639e-03 1.078871679827741103e-03 4.610581155715534423e-04 2.739982339969813658e-04 2.061286645118040378e-04 1.788372181902827044e-04 1.269230921096255681e-04 8.688042896741639265e-05 5.052629272244157932e-05 1.197870846099210254e-05 1.308754008095718722e-05 1.336932045770732168e-06
1.535318741152390579e-04 1.810802666543881749e-03 7.785902244791597510e-03 4.624158840297580390e-03 1.974274036856795214e-03 9.433580761450414878e-04 1.041019728129218393e-03 7.385034317271329390e-04 3.105269529435065361e-04 1.822247477753906352e-04 1.281619633157845444e-04 3.281717330229277159e-05 2.096047432529033434e-05 3.259246537753161159e-06
1.122627158732520791e-04 1.078871679827749343e-03 4.624158840297550033e-03 1.544538941150179825e-02 8.160890515288314259e-03 2.855691766555133650e-03 2.134035636298937423e-03 1.474921095831294854e-03 5.678488106393875679e-04 3.427539550788989459e-04 2.368289077960257592e-04 6.494943680239746568e-05 3.868583470622775461e-05 5.760892826289062062e-06
7.161355160030523392e-05 4.610581155715521413e-04 1.974274036856733198e-03 8.160890515288458241e-03 1.897260475858952508e-02 1.015789563285791203e-02 3.952863129527236195e-03 1.897062383311991229e-03 8.289632471186596805e-04 4.934505037098255728e-04 3.482382626045325835e-04 1.029420035263756481e-04 4.874395744072803596e-05 6.205160300397875822e-06
4.788571607218189641e-05 2.739982339969797395e-04 9.433580761450476677e-04 2.855691766555126711e-03 1.015789563285808203e-02 1.673140168083657106e-02 9.893534747305804747e-03 2.130788480119143440e-03 1.052953527923695563e-03 6.185701290068330296e-04 4.279807437012097247e-04 1.386990020537918642e-04 7.295262523076146690e-05 7.645727331753190650e-06
2.168512627704396656e-05 2.061286645118043360e-04 1.041019728129223814e-03 2.134035636298958673e-03 3.952863129527204103e-03 9.893534747305731888e-03 2.585698706122340623e-02 6.532963791451450522e-03 3.199547262850274167e-03 1.202162511238880332e-03 7.095186558904664157e-04 2.738449386894169159e-04 1.367856485233410395e-04 1.495542328436846290e-05
3.037854337562723137e-05 1.788372181902839783e-04 7.385034317271248075e-04 1.474921095831306130e-03 1.897062383311996000e-03 2.130788480119144308e-03 6.532963791451640474e-03 1.440266648698527129e-02 8.941068316819228770e-03 3.175314882646257993e-03 1.550895470987171190e-03 4.123834376026160346e-04 1.872194308241059886e-04 2.560674621790771208e-05
3.634571098670100344e-05 1.269230921096260289e-04 3.105269529434976999e-04 5.678488106393973257e-04 8.289632471186546931e-04 1.052953527923690142e-03 3.199547262850267228e-03 8.941068316819282547e-03 1.449258883538132904e-02 8.461131033374629656e-03 3.195546335790807116e-03 8.167023136298707598e-04 2.483228325948335031e-04 3.638688486298750240e-05
1.983338109571490285e-05 8.688042896741659594e-05 1.822247477753863526e-04 3.427539550789090290e-04 4.934505037098042141e-04 6.185701290068270665e-04 1.202162511238870574e-03 3.175314882646237177e-03 8.461131033374489144e-03 1.110122556338390305e-02 6.345763239227475427e-03 1.921215814026863483e-03 4.802087901156386405e-04 5.447748555961963890e-05
1.888631762730627400e-05 5.052629272244118629e-05 1.281619633157863604e-04 2.368289077960219916e-04 3.482382626045306320e-04 4.279807437012064721e-04 7.095186558904669578e-04 1.550895470987160348e-03 3.195546335790902092e-03 6.345763239227220423e-03 8.585940909082883862e-03 6.012458620999695282e-03 1.135721154231548449e-03 1.164752969254045505e-04
2.947528731289827020e-06 1.197870846099210763e-05 3.281717330229269028e-05 6.494943680239760120e-05 1.029420035263731815e-04 1.386990020537921895e-04 2.738449386894224995e-04 4.123834376026217267e-04 8.167023136299250783e-04 1.921215814026829656e-03 6.012458620999775946e-03 1.772977249754400728e-02 3.868953145072763760e-03 2.473520109231231367e-04
2.147906387997629255e-06 1.308754008095703984e-05 2.096047432529018527e-05 3.868583470622904210e-05 4.874395744072838833e-05 7.295262523076249690e-05 1.367856485233426116e-04 1.872194308241103525e-04 2.483228325948312262e-04 4.802087901156415137e-04 1.135721154231559074e-03 3.868953145072791949e-03 1.082948867531329309e-02 1.370588691918564386e-03
3.596755959173565449e-07 1.336932045770732379e-06 3.259246537753165818e-06 5.760892826289028181e-06 6.205160300397880904e-06 7.645727331753229613e-06 1.495542328436833754e-05 2.560674621790775613e-05 3.638688486298730589e-05 5.447748555961931364e-05 1.164752969254052146e-04 2.473520109231250883e-04 1.370588691918548339e-03 1.835075574758771423e-03
