9.588851188094782318e-06 1.098121956472331809e-05 3.159353280130866608e-07 0.000000000000000000e+00 0.000000000000000000e+00 0.000000000000000000e+00 2.650230704165914161e-08 4.959020386305409358e-09 2.886327957986546353e-06 4.833769933322032060e-06 5.815335032951194194e-09 1.576882593100802948e-08 0.000000000000000000e+00 6.808908872557635366e-10 0.000000000000000000e+00
1.098121956472331809e-05 1.979597311061602583e-05 2.200568244347491970e-04 1.376605834911715716e-05 5.722576456772178313e-06 4.080216320468281395e-05 1.183634403354772669e-05 2.375645273910451802e-05 6.377173680527567626e-06 1.184674186650060880e-05 6.934066250699243057e-06 1.179034158945807668e-06 9.536806835095506143e-12 2.467056687211944230e-07 5.706460628534852736e-08
3.159353280130866608e-07 2.200568244347491970e-04 8.149393525454236113e-04 2.459499372560637479e-04 3.567450189806832908e-04 3.539942351146579936e-04 2.366163188370108423e-04 6.946716806784913856e-05 2.078287428380012309e-05 1.861213916390578902e-05 4.407437061546522948e-05 4.438641337996878660e-06 1.472182878252322647e-06 2.278945315750198083e-06 1.832612841441643540e-06
0.000000000000000000e+00 1.376605834911715716e-05 2.459499372560637479e-04 5.893171948703632146e-03 3.303853380936183897e-03 9.098693291828549102e-04 8.110289753902636626e-04 4.616079118824127875e-04 1.550880858358653826e-04 6.193272062600106730e-05 7.853058150034572765e-05 3.158138691931395214e-05 1.699322766035426746e-05 1.268087714763748145e-05 7.806470123908428719e-07
0.000000000000000000e+00 5.722576456772178313e-06 3.567450189806832908e-04 3.303853380936183897e-03 3.119944281361533827e-03 3.103778853980252144e-03 3.510941985275546542e-03 8.501268488852155780e-04 2.213669031586891066e-04 1.362816188315766990e-04 1.684612956409252188e-04 4.632058264394442037e-05 1.224188373301873025e-05 7.587098588587285341e-06 7.782782937527672396e-07
0.000000000000000000e+00 4.080216320468281395e-05 3.539942351146581020e-04 9.098693291828549102e-04 3.103778853980255180e-03 5.634591229689758091e-03 7.942850381606110857e-03 1.619904092042279533e-03 2.697572906253854373e-04 1.815210936746054521e-04 1.357262010184675995e-04 5.597062257399012430e-05 1.135855980961869508e-05 4.040062450154415404e-06 3.275576719564226397e-06
2.650230704165914161e-08 1.183634403354772669e-05 2.366163188370107339e-04 8.110289753902644215e-04 3.510941985275540904e-03 7.942850381606105653e-03 5.592926822000993115e-03 5.379961403926630803e-03 1.645003150085882658e-03 8.098465809110784886e-04 5.220990951439717382e-04 1.546985631885185414e-04 4.957514377872250820e-05 3.321740979177550214e-05 7.842394944663323310e-06
4.959020386305408531e-09 2.375645273910452141e-05 6.946716806784909791e-05 4.616079118824117033e-04 8.501268488852146022e-04 1.619904092042278665e-03 5.379961403926630803e-03 9.731816214534980830e-03 4.115499576648377379e-03 1.850486465141578394e-03 1.655225278204604288e-03 2.536497194012413202e-04 8.791761524315043084e-05 1.104284712401978141e-05 3.880080030847803009e-06
2.886327957986547200e-06 6.377173680527565084e-06 2.078287428380007565e-05 1.550880858358653555e-04 2.213669031586895674e-04 2.697572906253856541e-04 1.645003150085881140e-03 4.115499576648375644e-03 6.695467684417167990e-03 6.014159747668774807e-03 1.864985059701351712e-03 2.990864735950760273e-04 9.492221199606640963e-05 1.788391932904417035e-05 1.610580490914021438e-06
4.833769933322032060e-06 1.184674186650060880e-05 1.861213916390579241e-05 6.193272062600101309e-05 1.362816188315766719e-04 1.815210936746054521e-04 8.098465809110780549e-04 1.850486465141578177e-03 6.014159747668773939e-03 6.374209679931215969e-03 6.948404127124892249e-03 8.111595635845990099e-04 8.585809613382434761e-05 3.363536354234415623e-05 4.176641425969594258e-07
5.815335032951194194e-09 6.934066250699243057e-06 4.407437061546536501e-05 7.853058150034560568e-05 1.684612956409247851e-04 1.357262010184674369e-04 5.220990951439718466e-04 1.655225278204606239e-03 1.864985059701359952e-03 6.948404127124885310e-03 8.586514241964233324e-03 3.005279370742718233e-03 3.889315743581978502e-04 5.379725360072992740e-05 4.385721231134618773e-06
1.576882593100802948e-08 1.179034158945807668e-06 4.438641337996871884e-06 3.158138691931393859e-05 4.632058264394452201e-05 5.597062257399008364e-05 1.546985631885178637e-04 2.536497194012403444e-04 2.990864735950752142e-04 8.111595635845990099e-04 3.005279370742716498e-03 3.772484148627428500e-03 6.405695090996061259e-04 1.526813858022229296e-04 0.000000000000000000e+00
0.000000000000000000e+00 9.536806835095506143e-12 1.472182878252322647e-06 1.699322766035426746e-05 1.224188373301873025e-05 1.135855980961869508e-05 4.957514377872250820e-05 8.791761524315043084e-05 9.492221199606640963e-05 8.585809613382434761e-05 3.889315743581978502e-04 6.405695090996061259e-04 0.000000000000000000e+00 0.000000000000000000e+00 0.000000000000000000e+00
6.808908872557635366e-10 2.467056687211944230e-07 2.278945315750198083e-06 1.268087714763748145e-05 7.587098588587285341e-06 4.040062450154415404e-06 3.321740979177550214e-05 1.104284712401978141e-05 1.788391932904417035e-05 3.363536354234415623e-05 5.379725360072992740e-05 1.526813858022229296e-04 0.000000000000000000e+00 0.000000000000000000e+00 0.000000000000000000e+00
0.000000000000000000e+00 5.706460628534852736e-08 1.832612841441643540e-06 7.806470123908428719e-07 7.782782937527672396e-07 3.275576719564226397e-06 7.842394944663323310e-06 3.880080030847803009e-06 1.610580490914021438e-06 4.176641425969594258e-07 4.385721231134618773e-06 0.000000000000000000e+00 0.000000000000000000e+00 0.000000000000000000e+00 0.000000000000000000e+00
