# End points of segments: 
#   0.00000000 0.13692550 0.22523550 0.37077520 0.44469310 0.60521380 
0.000000 -0.000000
0.002794 0.043993
0.005589 0.087960
0.008383 0.131876
0.011178 0.175717
0.013972 0.219459
0.016766 0.263084
0.019561 0.306572
0.022355 0.349907
0.025150 0.393077
0.027944 0.436069
0.030738 0.478873
0.033533 0.521477
0.036327 0.563871
0.039122 0.606042
0.041916 0.647974
0.044710 0.689646
0.047505 0.731032
0.050299 0.772099
0.053094 0.812805
0.055888 0.853097
0.058682 0.892914
0.061477 0.932180
0.064271 0.970807
0.067066 1.008694
0.069860 1.045721
0.072654 1.081755
0.075449 1.116641
0.078243 1.150208
0.081037 1.182261
0.083832 1.212582
0.086626 1.240935
0.089421 1.267066
0.092215 1.290715
0.095009 1.311639
0.097804 1.329637
0.100598 1.344588
0.103393 1.356488
0.106187 1.365472
0.108981 1.371807
0.111776 1.375874
0.114570 1.378110
0.117365 1.378969
0.120159 1.378876
0.122953 1.378204
0.125748 1.377262
0.128542 1.376294
0.131337 1.375479
0.134131 1.374942
0.136926 1.374755

0.136926 1.374755
0.138728 1.374539
0.140530 1.373833
0.142332 1.372463
0.144134 1.370163
0.145937 1.366601
0.147739 1.361425
0.149541 1.354321
0.151343 1.345077
0.153146 1.333632
0.154948 1.320098
0.156750 1.304756
0.158552 1.288007
0.160355 1.270332
0.162157 1.252234
0.163959 1.234211
0.165761 1.216726
0.167564 1.200199
0.169366 1.185001
0.171168 1.171449
0.172970 1.159808
0.174773 1.150290
0.176575 1.143051
0.178377 1.138194
0.180179 1.135769
0.181982 1.135774
0.183784 1.138157
0.185586 1.142821
0.187388 1.149630
0.189191 1.158413
0.190993 1.168974
0.192795 1.181092
0.194597 1.194534
0.196400 1.209059
0.198202 1.224421
0.200004 1.240372
0.201806 1.256669
0.203608 1.273070
0.205411 1.289339
0.207213 1.305238
0.209015 1.320536
0.210817 1.334997
0.212620 1.348388
0.214422 1.360475
0.216224 1.371034
0.218027 1.379851
0.219829 1.386740
0.221631 1.391556
0.223433 1.394211
0.225236 1.394686

0.225236 1.394686
0.228206 1.397433
0.231176 1.399513
0.234146 1.400800
0.237116 1.401199
0.240087 1.400642
0.243057 1.399086
0.246027 1.396515
0.248997 1.392931
0.251967 1.388346
0.254937 1.382773
0.257908 1.376213
0.260878 1.368641
0.263848 1.359988
0.266818 1.350120
0.269788 1.338821
0.272759 1.325782
0.275729 1.310607
0.278699 1.292869
0.281669 1.272211
0.284639 1.248508
0.287610 1.221987
0.290580 1.193252
0.293550 1.163182
0.296520 1.132762
0.299490 1.102954
0.302461 1.074615
0.305431 1.048461
0.308401 1.025049
0.311371 1.004763
0.314341 0.987785
0.317312 0.974065
0.320282 0.963278
0.323252 0.954782
0.326222 0.947588
0.329192 0.940363
0.332163 0.931500
0.335133 0.919289
0.338103 0.902201
0.341073 0.879205
0.344043 0.850008
0.347014 0.815114
0.349984 0.775733
0.352954 0.733624
0.355924 0.690965
0.358894 0.650264
0.361865 0.614271
0.364835 0.585813
0.367805 0.567475
0.370775 0.561132

0.370775 0.561132
0.372284 0.562785
0.373792 0.567665
0.375301 0.575551
0.376809 0.586091
0.378318 0.598833
0.379826 0.613254
0.381335 0.628787
0.382843 0.644847
0.384352 0.660856
0.385860 0.676258
0.387369 0.690538
0.388877 0.703237
0.390386 0.713962
0.391895 0.722398
0.393403 0.728316
0.394912 0.731571
0.396420 0.732102
0.397929 0.729920
0.399437 0.725098
0.400946 0.717755
0.402454 0.708042
0.403963 0.696131
0.405471 0.682200
0.406980 0.666427
0.408488 0.648987
0.409997 0.630042
0.411506 0.609743
0.413014 0.588228
0.414523 0.565623
0.416031 0.542042
0.417540 0.517585
0.419048 0.492345
0.420557 0.466403
0.422065 0.439834
0.423574 0.412703
0.425082 0.385070
0.426591 0.356990
0.428099 0.328513
0.429608 0.299683
0.431116 0.270543
0.432625 0.241131
0.434133 0.211483
0.435642 0.181634
0.437150 0.151614
0.438659 0.121455
0.440167 0.091187
0.441676 0.060836
0.443184 0.030432
0.444693 -0.000000

0.444693 -0.000000
0.447969 0.041420
0.451245 0.082752
0.454521 0.123914
0.457797 0.164829
0.461073 0.205430
0.464349 0.245663
0.467625 0.285491
0.470900 0.324891
0.474177 0.363858
0.477452 0.402402
0.480728 0.440551
0.484004 0.478342
0.487280 0.515826
0.490556 0.553056
0.493832 0.590087
0.497108 0.626968
0.500384 0.663742
0.503660 0.700433
0.506936 0.737054
0.510212 0.773593
0.513488 0.810021
0.516764 0.846290
0.520039 0.882330
0.523316 0.918061
0.526591 0.953385
0.529867 0.988194
0.533143 1.022371
0.536419 1.055778
0.539695 1.088247
0.542971 1.119533
0.546247 1.149163
0.549523 1.175864
0.552799 1.195348
0.556075 1.201666
0.559351 1.201896
0.562627 1.203333
0.565903 1.207781
0.569179 1.215330
0.572454 1.225526
0.575730 1.237710
0.579006 1.251170
0.582282 1.265247
0.585558 1.279391
0.588834 1.293184
0.592110 1.306319
0.595386 1.318540
0.598662 1.329557
0.601938 1.338953
0.605214 1.346119


0.000000 0.000000
0.002794 0.055432
0.005589 0.110784
0.008383 0.165974
0.011178 0.220925
0.013972 0.275559
0.016766 0.329800
0.019561 0.383575
0.022355 0.436813
0.025150 0.489446
0.027944 0.541405
0.030738 0.592626
0.033533 0.643048
0.036327 0.692609
0.039122 0.741253
0.041916 0.788926
0.044710 0.835578
0.047505 0.881163
0.050299 0.925642
0.053094 0.968980
0.055888 1.011146
0.058682 1.052115
0.061477 1.091869
0.064271 1.130391
0.067066 1.167670
0.069860 1.203697
0.072654 1.238464
0.075449 1.271968
0.078243 1.304213
0.081037 1.335215
0.083832 1.365019
0.086626 1.393723
0.089421 1.421524
0.092215 1.448749
0.095009 1.475872
0.097804 1.503444
0.100598 1.531974
0.103393 1.561773
0.106187 1.592762
0.108981 1.623853
0.111776 1.651557
0.114570 1.674670
0.117365 1.696047
0.120159 1.716871
0.122953 1.737394
0.125748 1.757529
0.128542 1.776847
0.131337 1.794278
0.134131 1.807484
0.136926 1.812668

0.136926 1.812668
0.138728 1.811157
0.140530 1.806413
0.142332 1.798052
0.144134 1.786174
0.145937 1.771796
0.147739 1.756416
0.149541 1.741359
0.151343 1.727522
0.153146 1.715405
0.154948 1.705192
0.156750 1.696840
0.158552 1.690163
0.160355 1.684903
0.162157 1.680788
0.163959 1.677566
0.165761 1.675018
0.167564 1.672967
0.169366 1.671270
0.171168 1.669818
0.172970 1.668525
0.174773 1.667321
0.176575 1.666153
0.178377 1.664979
0.180179 1.663765
0.181982 1.662485
0.183784 1.661121
0.185586 1.659660
0.187388 1.658094
0.189191 1.656420
0.190993 1.654634
0.192795 1.652734
0.194597 1.650713
0.196400 1.648564
0.198202 1.646275
0.200004 1.643828
0.201806 1.641208
0.203608 1.638395
0.205411 1.635373
0.207213 1.632133
0.209015 1.628670
0.210817 1.624993
0.212620 1.621123
0.214422 1.617091
0.216224 1.612944
0.218027 1.608732
0.219829 1.604510
0.221631 1.600319
0.223433 1.596181
0.225236 1.592090

0.225236 1.592090
0.228206 1.611791
0.231176 1.629843
0.234146 1.646377
0.237116 1.661600
0.240087 1.675746
0.243057 1.689013
0.246027 1.701445
0.248997 1.712723
0.251967 1.721694
0.254937 1.725384
0.257908 1.718506
0.260878 1.698120
0.263848 1.667847
0.266818 1.632225
0.269788 1.593695
0.272759 1.553389
0.275729 1.511883
0.278699 1.469532
0.281669 1.426615
0.284639 1.383396
0.287610 1.340162
0.290580 1.297235
0.293550 1.254983
0.296520 1.213822
0.299490 1.174210
0.302461 1.136639
0.305431 1.101618
0.308401 1.069650
0.311371 1.041197
0.314341 1.016640
0.317312 0.996228
0.320282 0.980027
0.323252 0.967858
0.326222 0.959252
0.329192 0.953399
0.332163 0.949111
0.335133 0.944801
0.338103 0.938499
0.341073 0.927936
0.344043 0.910783
0.347014 0.885068
0.349984 0.849755
0.352954 0.805286
0.355924 0.753830
0.358894 0.699198
0.361865 0.646554
0.364835 0.602005
0.367805 0.571847
0.370775 0.561132

0.370775 0.561132
0.372284 0.562785
0.373792 0.567665
0.375301 0.575551
0.376809 0.586091
0.378318 0.598833
0.379826 0.613254
0.381335 0.628787
0.382843 0.644847
0.384352 0.660856
0.385860 0.676258
0.387369 0.690538
0.388877 0.703237
0.390386 0.713962
0.391895 0.722398
0.393403 0.728316
0.394912 0.731571
0.396420 0.732102
0.397929 0.729920
0.399437 0.725098
0.400946 0.717755
0.402454 0.708042
0.403963 0.696131
0.405471 0.682200
0.406980 0.666427
0.408488 0.648987
0.409997 0.630042
0.411506 0.609743
0.413014 0.588228
0.414523 0.565623
0.416031 0.542042
0.417540 0.517585
0.419048 0.492345
0.420557 0.466403
0.422065 0.439834
0.423574 0.412703
0.425082 0.385070
0.426591 0.356990
0.428099 0.328513
0.429608 0.299683
0.431116 0.270543
0.432625 0.241131
0.434133 0.211483
0.435642 0.181634
0.437150 0.151614
0.438659 0.121455
0.440167 0.091187
0.441676 0.060836
0.443184 0.030432
0.444693 -0.000000

0.444693 0.000000
0.447969 0.088625
0.451245 0.177021
0.454521 0.264960
0.457797 0.352214
0.461073 0.438560
0.464349 0.523777
0.467625 0.607645
0.470900 0.689944
0.474177 0.770449
0.477452 0.848925
0.480728 0.925117
0.484004 0.998731
0.487280 1.069414
0.490556 1.136714
0.493832 1.200028
0.497108 1.258524
0.500384 1.311057
0.503660 1.356109
0.506936 1.391891
0.510212 1.416775
0.513488 1.430037
0.516764 1.432367
0.520039 1.425591
0.523316 1.411915
0.526591 1.393367
0.529867 1.371632
0.533143 1.348107
0.536419 1.324015
0.539695 1.300495
0.542971 1.278684
0.546247 1.259869
0.549523 1.246036
0.552799 1.242044
0.556075 1.254222
0.559351 1.275649
0.562627 1.298939
0.565903 1.321951
0.569179 1.344051
0.572454 1.364995
0.575730 1.384675
0.579006 1.403039
0.582282 1.420070
0.585558 1.435777
0.588834 1.450190
0.592110 1.463375
0.595386 1.475456
0.598662 1.486642
0.601938 1.497261
0.605214 1.507771


0.000000 0.000000
0.002794 0.105760
0.005589 0.211302
0.008383 0.316408
0.011178 0.420861
0.013972 0.524442
0.016766 0.626930
0.019561 0.728096
0.022355 0.827694
0.025150 0.925450
0.027944 1.021039
0.030738 1.114044
0.033533 1.203896
0.036327 1.289766
0.039122 1.370388
0.041916 1.443801
0.044710 1.507096
0.047505 1.556615
0.050299 1.589406
0.053094 1.605503
0.055888 1.608252
0.058682 1.602115
0.061477 1.590839
0.064271 1.577060
0.067066 1.562566
0.069860 1.548609
0.072654 1.536111
0.075449 1.525788
0.078243 1.518214
0.081037 1.513846
0.083832 1.513023
0.086626 1.515945
0.089421 1.522634
0.092215 1.532889
0.095009 1.546284
0.097804 1.562226
0.100598 1.580086
0.103393 1.599360
0.106187 1.619863
0.108981 1.642352
0.111776 1.669913
0.114570 1.703267
0.117365 1.738966
0.120159 1.775070
0.122953 1.810324
0.125748 1.843421
0.128542 1.872783
0.131337 1.896590
0.134131 1.913346
0.136926 1.923495

0.136926 1.923495
0.138728 1.909667
0.140530 1.894725
0.142332 1.881536
0.144134 1.871329
0.145937 1.864043
0.147739 1.858865
0.149541 1.854950
0.151343 1.851690
0.153146 1.848698
0.154948 1.845736
0.156750 1.842668
0.158552 1.839421
0.160355 1.835970
0.162157 1.832320
0.163959 1.828504
0.165761 1.824568
0.167564 1.820571
0.169366 1.816580
0.171168 1.812667
0.172970 1.808904
0.174773 1.805365
0.176575 1.802119
0.178377 1.799232
0.180179 1.796761
0.181982 1.794758
0.183784 1.793260
0.185586 1.792296
0.187388 1.791882
0.189191 1.792023
0.190993 1.792717
0.192795 1.793951
0.194597 1.795707
0.196400 1.797966
0.198202 1.800702
0.200004 1.803893
0.201806 1.807514
0.203608 1.811545
0.205411 1.815961
0.207213 1.820741
0.209015 1.825855
0.210817 1.831263
0.212620 1.836901
0.214422 1.842661
0.216224 1.848362
0.218027 1.853708
0.219829 1.858243
0.221631 1.861322
0.223433 1.862184
0.225236 1.860187

0.225236 1.860187
0.228206 1.878800
0.231176 1.898775
0.234146 1.919764
0.237116 1.941268
0.240087 1.962509
0.243057 1.956157
0.246027 1.931096
0.248997 1.902685
0.251967 1.873994
0.254937 1.849340
0.257908 1.834768
0.260878 1.833535
0.263848 1.842016
0.266818 1.800771
0.269788 1.753403
0.272759 1.707923
0.275729 1.665345
0.278699 1.626578
0.281669 1.592374
0.284639 1.563208
0.287610 1.539162
0.290580 1.519919
0.293550 1.504871
0.296520 1.493281
0.299490 1.484414
0.302461 1.477612
0.305431 1.472314
0.308401 1.468058
0.311371 1.464476
0.314341 1.461296
0.317312 1.458357
0.320282 1.455642
0.323252 1.453317
0.326222 1.451791
0.329192 1.451757
0.332163 1.454187
0.335133 1.460242
0.338103 1.471068
0.341073 1.487539
0.344043 1.510064
0.347014 1.538535
0.349984 1.572419
0.352954 1.610885
0.355924 1.652887
0.358894 1.697125
0.361865 1.741787
0.364835 1.783804
0.367805 1.817063
0.370775 1.830659

0.370775 1.830659
0.372284 1.828736
0.373792 1.823449
0.375301 1.815898
0.376809 1.807238
0.378318 1.798402
0.379826 1.790092
0.381335 1.782845
0.382843 1.777089
0.384352 1.763368
0.385860 1.728228
0.387369 1.692640
0.388877 1.656600
0.390386 1.620101
0.391895 1.583138
0.393403 1.545704
0.394912 1.507791
0.396420 1.469392
0.397929 1.430499
0.399437 1.391105
0.400946 1.351205
0.402454 1.310793
0.403963 1.269865
0.405471 1.228419
0.406980 1.186453
0.408488 1.143968
0.409997 1.100966
0.411506 1.057451
0.413014 1.013429
0.414523 0.968906
0.416031 0.923893
0.417540 0.878400
0.419048 0.832440
0.420557 0.786029
0.422065 0.739183
0.423574 0.691919
0.425082 0.644259
0.426591 0.596223
0.428099 0.547834
0.429608 0.499116
0.431116 0.450095
0.432625 0.400798
0.434133 0.351253
0.435642 0.301489
0.437150 0.251534
0.438659 0.201420
0.440167 0.151178
0.441676 0.100839
0.443184 0.050436
0.444693 0.000000

0.444693 0.000000
0.447969 0.112854
0.451245 0.225562
0.454521 0.337979
0.457797 0.449956
0.461073 0.561344
0.464349 0.671988
0.467625 0.781728
0.470900 0.890392
0.474177 0.997796
0.477452 1.103735
0.480728 1.207971
0.484004 1.310219
0.487280 1.410113
0.490556 1.507148
0.493832 1.600564
0.497108 1.689078
0.500384 1.770260
0.503660 1.838844
0.506936 1.833639
0.510212 1.837186
0.513488 1.849896
0.516764 1.864475
0.520039 1.833135
0.523316 1.799961
0.526591 1.766937
0.529867 1.735191
0.533143 1.705464
0.536419 1.678295
0.539695 1.654112
0.542971 1.633263
0.546247 1.616035
0.549523 1.602661
0.552799 1.593319
0.556075 1.588135
0.559351 1.587174
0.562627 1.590448
0.565903 1.597914
0.569179 1.609471
0.572454 1.624971
0.575730 1.644221
0.579006 1.666987
0.582282 1.693002
0.585558 1.721976
0.588834 1.753592
0.592110 1.787521
0.595386 1.823416
0.598662 1.860919
0.601938 1.899647
0.605214 1.939173


0.000000 2.233209
0.002794 2.231775
0.005589 2.227429
0.008383 2.220065
0.011178 2.209569
0.013972 2.195904
0.016766 2.179172
0.019561 2.159651
0.022355 2.137789
0.025150 2.114175
0.027944 2.089504
0.030738 2.064568
0.033533 2.040294
0.036327 2.017829
0.039122 1.998720
0.041916 1.985174
0.044710 1.980322
0.047505 1.988024
0.050299 2.011429
0.053094 2.050697
0.055888 2.102680
0.058682 2.163117
0.061477 2.228459
0.064271 2.225182
0.067066 2.187407
0.069860 2.150185
0.072654 2.113834
0.075449 2.078686
0.078243 2.045086
0.081037 2.013395
0.083832 1.983985
0.086626 1.957239
0.089421 1.933541
0.092215 1.913268
0.095009 1.896765
0.097804 1.884314
0.100598 1.876101
0.103393 1.872177
0.106187 1.872437
0.108981 1.876620
0.111776 1.884342
0.114570 1.895143
0.117365 1.908532
0.120159 1.924035
0.122953 1.941212
0.125748 1.959672
0.128542 1.976739
0.131337 1.953892
0.134131 1.936137
0.136926 1.925108

0.136926 1.925108
0.138728 1.936632
0.140530 1.945868
0.142332 1.952653
0.144134 1.958026
0.145937 1.962794
0.147739 1.967428
0.149541 1.972178
0.151343 1.977169
0.153146 1.982451
0.154948 1.988036
0.156750 1.993908
0.158552 2.000037
0.160355 2.006382
0.162157 2.012897
0.163959 2.019533
0.165761 2.026243
0.167564 2.032982
0.169366 2.039704
0.171168 2.046370
0.172970 2.052940
0.174773 2.059378
0.176575 2.065653
0.178377 2.071733
0.180179 2.077590
0.181982 2.083194
0.183784 2.088518
0.185586 2.093528
0.187388 2.098188
0.189191 2.102450
0.190993 2.106254
0.192795 2.109522
0.194597 2.112151
0.196400 2.114010
0.198202 2.114935
0.200004 2.114734
0.201806 2.113196
0.203608 2.110111
0.205411 2.105313
0.207213 2.098715
0.209015 2.090349
0.210817 2.080386
0.212620 2.069133
0.214422 2.057020
0.216224 2.044595
0.218027 2.032522
0.219829 2.021607
0.221631 2.012799
0.223433 2.007107
0.225236 2.005356

0.225236 2.005356
0.228206 2.003397
0.231176 2.000831
0.234146 1.996499
0.237116 1.988718
0.240087 1.975616
0.243057 1.982173
0.246027 1.997882
0.248997 2.005435
0.251967 1.999139
0.254937 1.976107
0.257908 1.939820
0.260878 1.896015
0.263848 1.848837
0.266818 1.855453
0.269788 1.871042
0.272759 1.887218
0.275729 1.902985
0.278699 1.917646
0.281669 1.930725
0.284639 1.941927
0.287610 1.951115
0.290580 1.958271
0.293550 1.963458
0.296520 1.966789
0.299490 1.968405
0.302461 1.968453
0.305431 1.967083
0.308401 1.964440
0.311371 1.960666
0.314341 1.955899
0.317312 1.950276
0.320282 1.943933
0.323252 1.937006
0.326222 1.929637
0.329192 1.921972
0.332163 1.914166
0.335133 1.906381
0.338103 1.898794
0.341073 1.891596
0.344043 1.884969
0.347014 1.878947
0.349984 1.872513
0.352954 1.861711
0.355924 1.849502
0.358894 1.841080
0.361865 1.835932
0.364835 1.832860
0.367805 1.831192
0.370775 1.830659

0.370775 1.830659
0.372284 1.828736
0.373792 1.823449
0.375301 1.815898
0.376809 1.807238
0.378318 1.798402
0.379826 1.790092
0.381335 1.782845
0.382843 1.777089
0.384352 1.773185
0.385860 1.771442
0.387369 1.772124
0.388877 1.775453
0.390386 1.781593
0.391895 1.790652
0.393403 1.802671
0.394912 1.817626
0.396420 1.835424
0.397929 1.855919
0.399437 1.878915
0.400946 1.904184
0.402454 1.931478
0.403963 1.960538
0.405471 1.991108
0.406980 2.022941
0.408488 2.055802
0.409997 2.089473
0.411506 2.123755
0.413014 2.158466
0.414523 2.193443
0.416031 2.228536
0.417540 2.263613
0.419048 2.298554
0.420557 2.333249
0.422065 2.367596
0.423574 2.356497
0.425082 2.342507
0.426591 2.328742
0.428099 2.315371
0.429608 2.302558
0.431116 2.290457
0.432625 2.279213
0.434133 2.268958
0.435642 2.259812
0.437150 2.251885
0.438659 2.245268
0.440167 2.240039
0.441676 2.236260
0.443184 2.233974
0.444693 2.233209

0.444693 2.233209
0.447969 2.231056
0.451245 2.224585
0.454521 2.213791
0.457797 2.198731
0.461073 2.179596
0.464349 2.156754
0.467625 2.130742
0.470900 2.102222
0.474177 2.071923
0.477452 2.040585
0.480728 2.008924
0.484004 1.977628
0.487280 1.947360
0.490556 1.918793
0.493832 1.892663
0.497108 1.869846
0.500384 1.851442
0.503660 1.839070
0.506936 1.885911
0.510212 1.901363
0.513488 1.889992
0.516764 1.870735
0.520039 1.897539
0.523316 1.927800
0.526591 1.959292
0.529867 1.990295
0.533143 2.019625
0.536419 2.046590
0.539695 2.070935
0.542971 2.092769
0.546247 2.112457
0.549523 2.130514
0.552799 2.147498
0.556075 2.163929
0.559351 2.180200
0.562627 2.196444
0.565903 2.212289
0.569179 2.226373
0.572454 2.235572
0.575730 2.235017
0.579006 2.221532
0.582282 2.197271
0.585558 2.166826
0.588834 2.133757
0.592110 2.100252
0.595386 2.067687
0.598662 2.037028
0.601938 2.009054
0.605214 1.984463


0.000000 2.676246
0.002794 2.675852
0.005589 2.674673
0.008383 2.672713
0.011178 2.669978
0.013972 2.656309
0.016766 2.638727
0.019561 2.620475
0.022355 2.602695
0.025150 2.585737
0.027944 2.569689
0.030738 2.554551
0.033533 2.540306
0.036327 2.526936
0.039122 2.514429
0.041916 2.502765
0.044710 2.481145
0.047505 2.447319
0.050299 2.412164
0.053094 2.375925
0.055888 2.338848
0.058682 2.301186
0.061477 2.263205
0.064271 2.296233
0.067066 2.364497
0.069860 2.413698
0.072654 2.408155
0.075449 2.399542
0.078243 2.389829
0.081037 2.378956
0.083832 2.366757
0.086626 2.353053
0.089421 2.337680
0.092215 2.320503
0.095009 2.301428
0.097804 2.280416
0.100598 2.257488
0.103393 2.232741
0.106187 2.206343
0.108981 2.178535
0.111776 2.149625
0.114570 2.119975
0.117365 2.089992
0.120159 2.060123
0.122953 2.030864
0.125748 2.002806
0.128542 1.979046
0.131337 1.998925
0.134131 2.018428
0.136926 2.030957

0.136926 2.030957
0.138728 2.033253
0.140530 2.038343
0.142332 2.043907
0.144134 2.049856
0.145937 2.056758
0.147739 2.064974
0.149541 2.074687
0.151343 2.085959
0.153146 2.098744
0.154948 2.112887
0.156750 2.128118
0.158552 2.144052
0.160355 2.160215
0.162157 2.176092
0.163959 2.191198
0.165761 2.205151
0.167564 2.217729
0.169366 2.228870
0.171168 2.238639
0.172970 2.247176
0.174773 2.254648
0.176575 2.261219
0.178377 2.267030
0.180179 2.272194
0.181982 2.276791
0.183784 2.280876
0.185586 2.284477
0.187388 2.287600
0.189191 2.290236
0.190993 2.292365
0.192795 2.293967
0.194597 2.295029
0.196400 2.295565
0.198202 2.295627
0.200004 2.295326
0.201806 2.294838
0.203608 2.294396
0.205411 2.294270
0.207213 2.294727
0.209015 2.295986
0.210817 2.298195
0.212620 2.301418
0.214422 2.305654
0.216224 2.310856
0.218027 2.316949
0.219829 2.323852
0.221631 2.331484
0.223433 2.339770
0.225236 2.348643

0.225236 2.348643
0.228206 2.303721
0.231176 2.261743
0.234146 2.223996
0.237116 2.192219
0.240087 2.168307
0.243057 2.153339
0.246027 2.146727
0.248997 2.146713
0.251967 2.151506
0.254937 2.159835
0.257908 2.170957
0.260878 2.184520
0.263848 2.200435
0.266818 2.218795
0.269788 2.239797
0.272759 2.263689
0.275729 2.290700
0.278699 2.320983
0.281669 2.354569
0.284639 2.391342
0.287610 2.431044
0.290580 2.473295
0.293550 2.517605
0.296520 2.529853
0.299490 2.527039
0.302461 2.516148
0.305431 2.497556
0.308401 2.472201
0.311371 2.441313
0.314341 2.406195
0.317312 2.368106
0.320282 2.328226
0.323252 2.287657
0.326222 2.247423
0.329192 2.208460
0.332163 2.171593
0.335133 2.137494
0.338103 2.102342
0.341073 2.038306
0.344043 1.981769
0.347014 1.935506
0.349984 1.902624
0.352954 1.888007
0.355924 1.888349
0.358894 1.897073
0.361865 1.912628
0.364835 1.933530
0.367805 1.955891
0.370775 1.967875

0.370775 1.967875
0.372284 1.970603
0.373792 1.978320
0.375301 1.964654
0.376809 1.932295
0.378318 1.899435
0.379826 1.866100
0.381335 1.832306
0.382843 1.798060
0.384352 1.773185
0.385860 1.771442
0.387369 1.772124
0.388877 1.775453
0.390386 1.781593
0.391895 1.790652
0.393403 1.802671
0.394912 1.817626
0.396420 1.835424
0.397929 1.855919
0.399437 1.878915
0.400946 1.904184
0.402454 1.931478
0.403963 1.960538
0.405471 1.991108
0.406980 2.022941
0.408488 2.055802
0.409997 2.089473
0.411506 2.123755
0.413014 2.158466
0.414523 2.193443
0.416031 2.228536
0.417540 2.263613
0.419048 2.298554
0.420557 2.333249
0.422065 2.367596
0.423574 2.401499
0.425082 2.434861
0.426591 2.467583
0.428099 2.499550
0.429608 2.530614
0.431116 2.560563
0.432625 2.589023
0.434133 2.615244
0.435642 2.637601
0.437150 2.653751
0.438659 2.663673
0.440167 2.669720
0.441676 2.673472
0.443184 2.675567
0.444693 2.676246

0.444693 2.676246
0.447969 2.675484
0.451245 2.673210
0.454521 2.669455
0.457797 2.664288
0.461073 2.644558
0.464349 2.615802
0.467625 2.582760
0.470900 2.546758
0.474177 2.508524
0.477452 2.468554
0.480728 2.427268
0.484004 2.385071
0.487280 2.342415
0.490556 2.299862
0.493832 2.258210
0.497108 2.218752
0.500384 2.183906
0.503660 2.158662
0.506936 2.152528
0.510212 2.174784
0.513488 2.220670
0.516764 2.277266
0.520039 2.335980
0.523316 2.392598
0.526591 2.445055
0.529867 2.473671
0.533143 2.484290
0.536419 2.497626
0.539695 2.512542
0.542971 2.527346
0.546247 2.539848
0.549523 2.547619
0.552799 2.548509
0.556075 2.541338
0.559351 2.526349
0.562627 2.505132
0.565903 2.480289
0.569179 2.455392
0.572454 2.435458
0.575730 2.426822
0.579006 2.433635
0.582282 2.454183
0.585558 2.483705
0.588834 2.517773
0.592110 2.552575
0.595386 2.552497
0.598662 2.501496
0.601938 2.445638
0.605214 2.385427


0.000000 2.676246
0.002794 2.676499
0.005589 2.676960
0.008383 2.676154
0.011178 2.670067
0.013972 2.666465
0.016766 2.662158
0.019561 2.656997
0.022355 2.650814
0.025150 2.643162
0.027944 2.632870
0.030738 2.617792
0.033533 2.596984
0.036327 2.571860
0.039122 2.543762
0.041916 2.513390
0.044710 2.491919
0.047505 2.481849
0.050299 2.472495
0.053094 2.463778
0.055888 2.455597
0.058682 2.447836
0.061477 2.440371
0.064271 2.433103
0.067066 2.426237
0.069860 2.438106
0.072654 2.485773
0.075449 2.471356
0.078243 2.456338
0.081037 2.440727
0.083832 2.424532
0.086626 2.407773
0.089421 2.390471
0.092215 2.372654
0.095009 2.354352
0.097804 2.335597
0.100598 2.316422
0.103393 2.296859
0.106187 2.276941
0.108981 2.256699
0.111776 2.236165
0.114570 2.215369
0.117365 2.194346
0.120159 2.173130
0.122953 2.151769
0.125748 2.130323
0.128542 2.108891
0.131337 2.087683
0.134131 2.067438
0.136926 2.054671

0.136926 2.054671
0.138728 2.057547
0.140530 2.067014
0.142332 2.083178
0.144134 2.103915
0.145937 2.127085
0.147739 2.151336
0.149541 2.175866
0.151343 2.200189
0.153146 2.224029
0.154948 2.247272
0.156750 2.269957
0.158552 2.292267
0.160355 2.314512
0.162157 2.337072
0.163959 2.360300
0.165761 2.384420
0.167564 2.409417
0.169366 2.434961
0.171168 2.460285
0.172970 2.483952
0.174773 2.503797
0.176575 2.518420
0.178377 2.528759
0.180179 2.536415
0.181982 2.542381
0.183784 2.547181
0.185586 2.551121
0.187388 2.554401
0.189191 2.557164
0.190993 2.559505
0.192795 2.561488
0.194597 2.563146
0.196400 2.564501
0.198202 2.565583
0.200004 2.566464
0.201806 2.567281
0.203608 2.568235
0.205411 2.569558
0.207213 2.571460
0.209015 2.574095
0.210817 2.577540
0.212620 2.581799
0.214422 2.586814
0.216224 2.592481
0.218027 2.598658
0.219829 2.605167
0.221631 2.611781
0.223433 2.618204
0.225236 2.624026

0.225236 2.624026
0.228206 2.587206
0.231176 2.539145
0.234146 2.487141
0.237116 2.434047
0.240087 2.381497
0.243057 2.331183
0.246027 2.285674
0.248997 2.249295
0.251967 2.227833
0.254937 2.224266
0.257908 2.235216
0.260878 2.255077
0.263848 2.279871
0.266818 2.307329
0.269788 2.336136
0.272759 2.365431
0.275729 2.394546
0.278699 2.422869
0.281669 2.449746
0.284639 2.474414
0.287610 2.495943
0.290580 2.513205
0.293550 2.524927
0.296520 2.563369
0.299490 2.609762
0.302461 2.655268
0.305431 2.694635
0.308401 2.701301
0.311371 2.665662
0.314341 2.617902
0.317312 2.564839
0.320282 2.507454
0.323252 2.445961
0.326222 2.380651
0.329192 2.312184
0.332163 2.241735
0.335133 2.171037
0.338103 2.106655
0.341073 2.079363
0.344043 2.055703
0.347014 2.035589
0.349984 2.018803
0.352954 2.005049
0.355924 1.993991
0.358894 1.985276
0.361865 1.978544
0.364835 1.973401
0.367805 1.969577
0.370775 1.967875

0.370775 1.967875
0.372284 1.970603
0.373792 1.978320
0.375301 1.989966
0.376809 2.004456
0.378318 2.020947
0.379826 2.038856
0.381335 2.057784
0.382843 2.077455
0.384352 2.097673
0.385860 2.118292
0.387369 2.139199
0.388877 2.160303
0.390386 2.181530
0.391895 2.202816
0.393403 2.224105
0.394912 2.245348
0.396420 2.266499
0.397929 2.287515
0.399437 2.308357
0.400946 2.328986
0.402454 2.349365
0.403963 2.369459
0.405471 2.389233
0.406980 2.408651
0.408488 2.427680
0.409997 2.446284
0.411506 2.454397
0.413014 2.445280
0.414523 2.434898
0.416031 2.423435
0.417540 2.411075
0.419048 2.398012
0.420557 2.384435
0.422065 2.370534
0.423574 2.401499
0.425082 2.434861
0.426591 2.467583
0.428099 2.499550
0.429608 2.530614
0.431116 2.560563
0.432625 2.589023
0.434133 2.615244
0.435642 2.637601
0.437150 2.653751
0.438659 2.663673
0.440167 2.669720
0.441676 2.673472
0.443184 2.675567
0.444693 2.676246

0.444693 2.676246
0.447969 2.676986
0.451245 2.678344
0.454521 2.676876
0.457797 2.666217
0.461073 2.657815
0.464349 2.650148
0.467625 2.641359
0.470900 2.631487
0.474177 2.620586
0.477452 2.608746
0.480728 2.596094
0.484004 2.582782
0.487280 2.568987
0.490556 2.554905
0.493832 2.540761
0.497108 2.526805
0.500384 2.513323
0.503660 2.500630
0.506936 2.489082
0.510212 2.479063
0.513488 2.470989
0.516764 2.465288
0.520039 2.462386
0.523316 2.462661
0.526591 2.466393
0.529867 2.492402
0.533143 2.534424
0.536419 2.571418
0.539695 2.603969
0.542971 2.632737
0.546247 2.658279
0.549523 2.680964
0.552799 2.700937
0.556075 2.718118
0.559351 2.732229
0.562627 2.742822
0.565903 2.749328
0.569179 2.751115
0.572454 2.747571
0.575730 2.738190
0.579006 2.722637
0.582282 2.700774
0.585558 2.672634
0.588834 2.638377
0.592110 2.598236
0.595386 2.584500
0.598662 2.610358
0.601938 2.628232
0.605214 2.638070


0.000000 2.757883
0.002794 2.752631
0.005589 2.739583
0.008383 2.724713
0.011178 2.715534
0.013972 2.716574
0.016766 2.724285
0.019561 2.711422
0.022355 2.696558
0.025150 2.680185
0.027944 2.663555
0.030738 2.648928
0.033533 2.637376
0.036327 2.627631
0.039122 2.618506
0.041916 2.609463
0.044710 2.600269
0.047505 2.590809
0.050299 2.581013
0.053094 2.570832
0.055888 2.560223
0.058682 2.549149
0.061477 2.537577
0.064271 2.525476
0.067066 2.512822
0.069860 2.499592
0.072654 2.503466
0.075449 2.569872
0.078243 2.634635
0.081037 2.697063
0.083832 2.756406
0.086626 2.811459
0.089421 2.859429
0.092215 2.891031
0.095009 2.887037
0.097804 2.856770
0.100598 2.818566
0.103393 2.777840
0.106187 2.736159
0.108981 2.694184
0.111776 2.652312
0.114570 2.610886
0.117365 2.570283
0.120159 2.530999
0.122953 2.493729
0.125748 2.459460
0.128542 2.429571
0.131337 2.405874
0.134131 2.390436
0.136926 2.385046

0.136926 2.385046
0.138728 2.385335
0.140530 2.386208
0.142332 2.387689
0.144134 2.389817
0.145937 2.392645
0.147739 2.396243
0.149541 2.400686
0.151343 2.406058
0.153146 2.412430
0.154948 2.419852
0.156750 2.428325
0.158552 2.437790
0.160355 2.448115
0.162157 2.459106
0.163959 2.470535
0.165761 2.482181
0.167564 2.493889
0.169366 2.505650
0.171168 2.517752
0.172970 2.531068
0.174773 2.547148
0.176575 2.566751
0.178377 2.588276
0.180179 2.609460
0.181982 2.628671
0.183784 2.644843
0.185586 2.657330
0.187388 2.665896
0.189191 2.670726
0.190993 2.672376
0.192795 2.671649
0.194597 2.669463
0.196400 2.666730
0.198202 2.664260
0.200004 2.662696
0.201806 2.662465
0.203608 2.663771
0.205411 2.666623
0.207213 2.670897
0.209015 2.676380
0.210817 2.682814
0.212620 2.689906
0.214422 2.697341
0.216224 2.704771
0.218027 2.711833
0.219829 2.718153
0.221631 2.723394
0.223433 2.727310
0.225236 2.729849

0.225236 2.729849
0.228206 2.730622
0.231176 2.743735
0.234146 2.762186
0.237116 2.783507
0.240087 2.806663
0.243057 2.831032
0.246027 2.856096
0.248997 2.881329
0.251967 2.906142
0.254937 2.929865
0.257908 2.951758
0.260878 2.971047
0.263848 2.987009
0.266818 2.999077
0.269788 3.006940
0.272759 3.010595
0.275729 3.010332
0.278699 3.006691
0.281669 3.000413
0.284639 2.992415
0.287610 2.983802
0.290580 2.969259
0.293550 2.934063
0.296520 2.897255
0.299490 2.859122
0.302461 2.820539
0.305431 2.785943
0.308401 2.780764
0.311371 2.812737
0.314341 2.847720
0.317312 2.868613
0.320282 2.856689
0.323252 2.814459
0.326222 2.760193
0.329192 2.702860
0.332163 2.645558
0.335133 2.589360
0.338103 2.534571
0.341073 2.481180
0.344043 2.429068
0.347014 2.378113
0.349984 2.328241
0.352954 2.279467
0.355924 2.231917
0.358894 2.185884
0.361865 2.141942
0.364835 2.101325
0.367805 2.067438
0.370775 2.051671

0.370775 2.051671
0.372284 2.027433
0.373792 1.996449
0.375301 1.989966
0.376809 2.004456
0.378318 2.020947
0.379826 2.038856
0.381335 2.057784
0.382843 2.077455
0.384352 2.097673
0.385860 2.118292
0.387369 2.139199
0.388877 2.160303
0.390386 2.181530
0.391895 2.202816
0.393403 2.224105
0.394912 2.245348
0.396420 2.266499
0.397929 2.287515
0.399437 2.308357
0.400946 2.328986
0.402454 2.349365
0.403963 2.369459
0.405471 2.389233
0.406980 2.408651
0.408488 2.427680
0.409997 2.446284
0.411506 2.464431
0.413014 2.482088
0.414523 2.499221
0.416031 2.515797
0.417540 2.531786
0.419048 2.547157
0.420557 2.561881
0.422065 2.575931
0.423574 2.589286
0.425082 2.601926
0.426591 2.613843
0.428099 2.625043
0.429608 2.635560
0.431116 2.645489
0.432625 2.655061
0.434133 2.664854
0.435642 2.676264
0.437150 2.691310
0.438659 2.709523
0.440167 2.727793
0.441676 2.743385
0.443184 2.754052
0.444693 2.757883

0.444693 2.757883
0.447969 2.754005
0.451245 2.744199
0.454521 2.732046
0.457797 2.720479
0.461073 2.711249
0.464349 2.705223
0.467625 2.702723
0.470900 2.703744
0.474177 2.708059
0.477452 2.715311
0.480728 2.725084
0.484004 2.736955
0.487280 2.750521
0.490556 2.765405
0.493832 2.781262
0.497108 2.786593
0.500384 2.788615
0.503660 2.791824
0.506936 2.796714
0.510212 2.803797
0.513488 2.813609
0.516764 2.826700
0.520039 2.843604
0.523316 2.864769
0.526591 2.890449
0.529867 2.920570
0.533143 2.949409
0.536419 2.954570
0.539695 2.957532
0.542971 2.958501
0.546247 2.958138
0.549523 2.957580
0.552799 2.957830
0.556075 2.958565
0.559351 2.957860
0.562627 2.954211
0.565903 2.947925
0.569179 2.940047
0.572454 2.931476
0.575730 2.922895
0.579006 2.914914
0.582282 2.908195
0.585558 2.903579
0.588834 2.902208
0.592110 2.905604
0.595386 2.915542
0.598662 2.933437
0.601938 2.918441
0.605214 2.885506


0.000000 2.757883
0.002794 2.757022
0.005589 2.754405
0.008383 2.749941
0.011178 2.743508
0.013972 2.734982
0.016766 2.725187
0.019561 2.738816
0.022355 2.756515
0.025150 2.777856
0.027944 2.802504
0.030738 2.830111
0.033533 2.860288
0.036327 2.892613
0.039122 2.926636
0.041916 2.961887
0.044710 2.997882
0.047505 3.034123
0.050299 3.070102
0.053094 3.105304
0.055888 3.139194
0.058682 3.171195
0.061477 3.200552
0.064271 3.225700
0.067066 3.241260
0.069860 3.235021
0.072654 3.212993
0.075449 3.184800
0.078243 3.153179
0.081037 3.119212
0.083832 3.083731
0.086626 3.047845
0.089421 3.014075
0.092215 2.991228
0.095009 2.997837
0.097804 3.023728
0.100598 3.049791
0.103393 3.070314
0.106187 3.084263
0.108981 3.092341
0.111776 3.095945
0.114570 3.096532
0.117365 3.095311
0.120159 3.093172
0.122953 3.090724
0.125748 3.088364
0.128542 3.086344
0.131337 3.084818
0.134131 3.083874
0.136926 3.083554

0.136926 3.083554
0.138728 3.083316
0.140530 3.082604
0.142332 3.081432
0.144134 3.079819
0.145937 3.077793
0.147739 3.075387
0.149541 3.072641
0.151343 3.069602
0.153146 3.066318
0.154948 3.062840
0.156750 3.059219
0.158552 3.055505
0.160355 3.051743
0.162157 3.047969
0.163959 3.044213
0.165761 3.040495
0.167564 3.036831
0.169366 3.033239
0.171168 3.029753
0.172970 3.026444
0.174773 3.023446
0.176575 3.020989
0.178377 3.019418
0.180179 3.019202
0.181982 3.020903
0.183784 3.025098
0.185586 3.032264
0.187388 3.042647
0.189191 3.056193
0.190993 3.072561
0.192795 3.091226
0.194597 3.111582
0.196400 3.133036
0.198202 3.155054
0.200004 3.177167
0.201806 3.198944
0.203608 3.219888
0.205411 3.238823
0.207213 3.248788
0.209015 3.242710
0.210817 3.231622
0.212620 3.218813
0.214422 3.205103
0.216224 3.191034
0.218027 3.177117
0.219829 3.163874
0.221631 3.151829
0.223433 3.141477
0.225236 3.133233

0.225236 3.133233
0.228206 3.168125
0.231176 3.200900
0.234146 3.230352
0.237116 3.254494
0.240087 3.270449
0.243057 3.276337
0.246027 3.273910
0.248997 3.266434
0.251967 3.256060
0.254937 3.243811
0.257908 3.230110
0.260878 3.215081
0.263848 3.198689
0.266818 3.180811
0.269788 3.161280
0.272759 3.139925
0.275729 3.116604
0.278699 3.091223
0.281669 3.063751
0.284639 3.034214
0.287610 3.002683
0.290580 2.975866
0.293550 2.970034
0.296520 2.967694
0.299490 2.969889
0.302461 2.976960
0.305431 2.988208
0.308401 3.000827
0.311371 3.003251
0.314341 2.978963
0.317312 2.941600
0.320282 2.899781
0.323252 2.855322
0.326222 2.808763
0.329192 2.760356
0.332163 2.710267
0.335133 2.658642
0.338103 2.605629
0.341073 2.551392
0.344043 2.496120
0.347014 2.440040
0.349984 2.383437
0.352954 2.326687
0.355924 2.270327
0.358894 2.215195
0.361865 2.162762
0.364835 2.115929
0.367805 2.080679
0.370775 2.066875

0.370775 2.066875
0.372284 2.090549
0.373792 2.119836
0.375301 2.148782
0.376809 2.177110
0.378318 2.204718
0.379826 2.231525
0.381335 2.257452
0.382843 2.282415
0.384352 2.306325
0.385860 2.329085
0.387369 2.350594
0.388877 2.370745
0.390386 2.389428
0.391895 2.406530
0.393403 2.421943
0.394912 2.435563
0.396420 2.447294
0.397929 2.457056
0.399437 2.464788
0.400946 2.470447
0.402454 2.474021
0.403963 2.475523
0.405471 2.474995
0.406980 2.472509
0.408488 2.468162
0.409997 2.462077
0.411506 2.464431
0.413014 2.482088
0.414523 2.499221
0.416031 2.515797
0.417540 2.531786
0.419048 2.547157
0.420557 2.561881
0.422065 2.575931
0.423574 2.589286
0.425082 2.601926
0.426591 2.613843
0.428099 2.625043
0.429608 2.635560
0.431116 2.645489
0.432625 2.655061
0.434133 2.664854
0.435642 2.676264
0.437150 2.691310
0.438659 2.709523
0.440167 2.727793
0.441676 2.743385
0.443184 2.754052
0.444693 2.757883

0.444693 2.757883
0.447969 2.754237
0.451245 2.744769
0.454521 2.734151
0.457797 2.729691
0.461073 2.733547
0.464349 2.741702
0.467625 2.751032
0.470900 2.759924
0.474177 2.767553
0.477452 2.773579
0.480728 2.777990
0.484004 2.780996
0.487280 2.782935
0.490556 2.784216
0.493832 2.785283
0.497108 2.797773
0.500384 2.814645
0.503660 2.831608
0.506936 2.848407
0.510212 2.864802
0.513488 2.880564
0.516764 2.895470
0.520039 2.909301
0.523316 2.921834
0.526591 2.932845
0.529867 2.942109
0.533143 2.954637
0.536419 2.991745
0.539695 3.030679
0.542971 3.070034
0.546247 3.064482
0.549523 3.050200
0.552799 3.041193
0.556075 3.038847
0.559351 3.044998
0.562627 3.060085
0.565903 3.082292
0.569179 3.109107
0.572454 3.138440
0.575730 3.140648
0.579006 3.119730
0.582282 3.096883
0.585558 3.071843
0.588834 3.044500
0.592110 3.015012
0.595386 2.983786
0.598662 2.951391
0.601938 2.959269
0.605214 2.990926


0.000000 2.937143
0.002794 2.937548
0.005589 2.938800
0.008383 2.940991
0.011178 2.944254
0.013972 2.948729
0.016766 2.954535
0.019561 2.961755
0.022355 2.970420
0.025150 2.980523
0.027944 2.992018
0.030738 3.004834
0.033533 3.018887
0.036327 3.034078
0.039122 3.050307
0.041916 3.067468
0.044710 3.085457
0.047505 3.104166
0.050299 3.123491
0.053094 3.143327
0.055888 3.163568
0.058682 3.184113
0.061477 3.204857
0.064271 3.225741
0.067066 3.246541
0.069860 3.267283
0.072654 3.287830
0.075449 3.308089
0.078243 3.327970
0.081037 3.347389
0.083832 3.363435
0.086626 3.372482
0.089421 3.380328
0.092215 3.387522
0.095009 3.394899
0.097804 3.403631
0.100598 3.413896
0.103393 3.413542
0.106187 3.410828
0.108981 3.408830
0.111776 3.407286
0.114570 3.405986
0.117365 3.404827
0.120159 3.403770
0.122953 3.402815
0.125748 3.401979
0.128542 3.401291
0.131337 3.400776
0.134131 3.400457
0.136926 3.400349

0.136926 3.400349
0.138728 3.400070
0.140530 3.399229
0.142332 3.397817
0.144134 3.395820
0.145937 3.393219
0.147739 3.389994
0.149541 3.386124
0.151343 3.381592
0.153146 3.376387
0.154948 3.370512
0.156750 3.363986
0.158552 3.356853
0.160355 3.349181
0.162157 3.341073
0.163959 3.332662
0.165761 3.324116
0.167564 3.315631
0.169366 3.307428
0.171168 3.299740
0.172970 3.292795
0.174773 3.286802
0.176575 3.281927
0.178377 3.278278
0.180179 3.275889
0.181982 3.274719
0.183784 3.274653
0.185586 3.275517
0.187388 3.277084
0.189191 3.279090
0.190993 3.281244
0.192795 3.283234
0.194597 3.284734
0.196400 3.285415
0.198202 3.284961
0.200004 3.283107
0.201806 3.279686
0.203608 3.274760
0.205411 3.269234
0.207213 3.269940
0.209015 3.283950
0.210817 3.300323
0.212620 3.315935
0.214422 3.330180
0.216224 3.342769
0.218027 3.353470
0.219829 3.362063
0.221631 3.368353
0.223433 3.372219
0.225236 3.373661

0.225236 3.373661
0.228206 3.370936
0.231176 3.366474
0.234146 3.361888
0.237116 3.359218
0.240087 3.361153
0.243057 3.369222
0.246027 3.381242
0.248997 3.393513
0.251967 3.403542
0.254937 3.410094
0.257908 3.413004
0.260878 3.412295
0.263848 3.408558
0.266818 3.402504
0.269788 3.394898
0.272759 3.381507
0.275729 3.365690
0.278699 3.347957
0.281669 3.328386
0.284639 3.307014
0.287610 3.283862
0.290580 3.258945
0.293550 3.232282
0.296520 3.203905
0.299490 3.173892
0.302461 3.142431
0.305431 3.110071
0.308401 3.078947
0.311371 3.059717
0.314341 3.067974
0.317312 3.041222
0.320282 3.033518
0.323252 3.055794
0.326222 3.090127
0.329192 3.127754
0.332163 3.165555
0.335133 3.202212
0.338103 3.237030
0.341073 3.269565
0.344043 3.299482
0.347014 3.326486
0.349984 3.350262
0.352954 3.366990
0.355924 3.380310
0.358894 3.391345
0.361865 3.400013
0.364835 3.406250
0.367805 3.410010
0.370775 3.411267

0.370775 3.411267
0.372284 3.411087
0.373792 3.410545
0.375301 3.409641
0.376809 3.408372
0.378318 3.406737
0.379826 3.404732
0.381335 3.402353
0.382843 3.399596
0.384352 3.396455
0.385860 3.392925
0.387369 3.388999
0.388877 3.384670
0.390386 3.379932
0.391895 3.374777
0.393403 3.369196
0.394912 3.363182
0.396420 3.356726
0.397929 3.349819
0.399437 3.342453
0.400946 3.334619
0.402454 3.326307
0.403963 3.317510
0.405471 3.308218
0.406980 3.298424
0.408488 3.288119
0.409997 3.277296
0.411506 3.265947
0.413014 3.254068
0.414523 3.241651
0.416031 3.228694
0.417540 3.215192
0.419048 3.201144
0.420557 3.186552
0.422065 3.171417
0.423574 3.155748
0.425082 3.139554
0.426591 3.122854
0.428099 3.105673
0.429608 3.088049
0.431116 3.070038
0.432625 3.051720
0.434133 3.033217
0.435642 3.014715
0.437150 2.996499
0.438659 2.979027
0.440167 2.963028
0.441676 2.949641
0.443184 2.940458
0.444693 2.937143

0.444693 2.937143
0.447969 2.940404
0.451245 2.949556
0.454521 2.963302
0.457797 2.980587
0.461073 3.000913
0.464349 3.024211
0.467625 3.050591
0.470900 3.080117
0.474177 3.112657
0.477452 3.147824
0.480728 3.184991
0.484004 3.223349
0.487280 3.253046
0.490556 3.268921
0.493832 3.281572
0.497108 3.290811
0.500384 3.296477
0.503660 3.298430
0.506936 3.296561
0.510212 3.290802
0.513488 3.281143
0.516764 3.267663
0.520039 3.250568
0.523316 3.230228
0.526591 3.207198
0.529867 3.182224
0.533143 3.156219
0.536419 3.130251
0.539695 3.105503
0.542971 3.083207
0.546247 3.108256
0.549523 3.143516
0.552799 3.173380
0.556075 3.194552
0.559351 3.204006
0.562627 3.201965
0.565903 3.191892
0.569179 3.177198
0.572454 3.159846
0.575730 3.168754
0.579006 3.198924
0.582282 3.228115
0.585558 3.255689
0.588834 3.281185
0.592110 3.304352
0.595386 3.325332
0.598662 3.344965
0.601938 3.364847
0.605214 3.384075


0.000000 2.937143
0.002794 2.944125
0.005589 2.962713
0.008383 2.988542
0.011178 3.018259
0.013972 3.049816
0.016766 3.081959
0.019561 3.113868
0.022355 3.144955
0.025150 3.174772
0.027944 3.202951
0.030738 3.229178
0.033533 3.253168
0.036327 3.274650
0.039122 3.293352
0.041916 3.308997
0.044710 3.321300
0.047505 3.329980
0.050299 3.334778
0.053094 3.335499
0.055888 3.332058
0.058682 3.324549
0.061477 3.313398
0.064271 3.299972
0.067066 3.289783
0.069860 3.295088
0.072654 3.310236
0.075449 3.326052
0.078243 3.340372
0.081037 3.352812
0.083832 3.366264
0.086626 3.384520
0.089421 3.402086
0.092215 3.418899
0.095009 3.434900
0.097804 3.426468
0.100598 3.421114
0.103393 3.433430
0.106187 3.454941
0.108981 3.481481
0.111776 3.511389
0.114570 3.520597
0.117365 3.528742
0.120159 3.535813
0.122953 3.541805
0.125748 3.546711
0.128542 3.550530
0.131337 3.553258
0.134131 3.554895
0.136926 3.555441

0.136926 3.555441
0.138728 3.555104
0.140530 3.554099
0.142332 3.552449
0.144134 3.550186
0.145937 3.547359
0.147739 3.544022
0.149541 3.540243
0.151343 3.536092
0.153146 3.531644
0.154948 3.526971
0.156750 3.522144
0.158552 3.517225
0.160355 3.512266
0.162157 3.507308
0.163959 3.502382
0.165761 3.497505
0.167564 3.492685
0.169366 3.487923
0.171168 3.483213
0.172970 3.478544
0.174773 3.473904
0.176575 3.469281
0.178377 3.464662
0.180179 3.460039
0.181982 3.455403
0.183784 3.450755
0.185586 3.446097
0.187388 3.441445
0.189191 3.436823
0.190993 3.432272
0.192795 3.427851
0.194597 3.423637
0.196400 3.419725
0.198202 3.416217
0.200004 3.413205
0.201806 3.410747
0.203608 3.408849
0.205411 3.407456
0.207213 3.406469
0.209015 3.405761
0.210817 3.405205
0.212620 3.404690
0.214422 3.404131
0.216224 3.403469
0.218027 3.402666
0.219829 3.401700
0.221631 3.400558
0.223433 3.399225
0.225236 3.397692

0.225236 3.397692
0.228206 3.404856
0.231176 3.409743
0.234146 3.412272
0.237116 3.412697
0.240087 3.411651
0.243057 3.409950
0.246027 3.408371
0.248997 3.407563
0.251967 3.408037
0.254937 3.410152
0.257908 3.413459
0.260878 3.416118
0.263848 3.414059
0.266818 3.406457
0.269788 3.395238
0.272759 3.386468
0.275729 3.377851
0.278699 3.369554
0.281669 3.361952
0.284639 3.355286
0.287610 3.349677
0.290580 3.345140
0.293550 3.341555
0.296520 3.338446
0.299490 3.332802
0.302461 3.302570
0.305431 3.250067
0.308401 3.193047
0.311371 3.135297
0.314341 3.081174
0.317312 3.089272
0.320282 3.114322
0.323252 3.140779
0.326222 3.167685
0.329192 3.194466
0.332163 3.220708
0.335133 3.246081
0.338103 3.270310
0.341073 3.293159
0.344043 3.314421
0.347014 3.333917
0.349984 3.351486
0.352954 3.370402
0.355924 3.386341
0.358894 3.397597
0.361865 3.404578
0.364835 3.408567
0.367805 3.410627
0.370775 3.411267

0.370775 3.411267
0.372284 3.411087
0.373792 3.410545
0.375301 3.409641
0.376809 3.408372
0.378318 3.406737
0.379826 3.404732
0.381335 3.402353
0.382843 3.399596
0.384352 3.396455
0.385860 3.392925
0.387369 3.388999
0.388877 3.384670
0.390386 3.379932
0.391895 3.374777
0.393403 3.369196
0.394912 3.363182
0.396420 3.356726
0.397929 3.349819
0.399437 3.342453
0.400946 3.334619
0.402454 3.326307
0.403963 3.317510
0.405471 3.308218
0.406980 3.298424
0.408488 3.288119
0.409997 3.277296
0.411506 3.265947
0.413014 3.254068
0.414523 3.241651
0.416031 3.228694
0.417540 3.215192
0.419048 3.201144
0.420557 3.186552
0.422065 3.171417
0.423574 3.155748
0.425082 3.139554
0.426591 3.122854
0.428099 3.105673
0.429608 3.088049
0.431116 3.070038
0.432625 3.051720
0.434133 3.033217
0.435642 3.014715
0.437150 2.996499
0.438659 2.979027
0.440167 2.963028
0.441676 2.949641
0.443184 2.940458
0.444693 2.937143

0.444693 2.937143
0.447969 2.943407
0.451245 2.960375
0.454521 2.984442
0.457797 3.012556
0.461073 3.042679
0.464349 3.073478
0.467625 3.104041
0.470900 3.133698
0.474177 3.161929
0.477452 3.188311
0.480728 3.212489
0.484004 3.234157
0.487280 3.261965
0.490556 3.299828
0.493832 3.335888
0.497108 3.369095
0.500384 3.398463
0.503660 3.423170
0.506936 3.442675
0.510212 3.456800
0.513488 3.465724
0.516764 3.469885
0.520039 3.469850
0.523316 3.466203
0.526591 3.459488
0.529867 3.450197
0.533143 3.437874
0.536419 3.414310
0.539695 3.393699
0.542971 3.376008
0.546247 3.361187
0.549523 3.349146
0.552799 3.339735
0.556075 3.332738
0.559351 3.327887
0.562627 3.324895
0.565903 3.323476
0.569179 3.323375
0.572454 3.324384
0.575730 3.326354
0.579006 3.329205
0.582282 3.332937
0.585558 3.337631
0.588834 3.343448
0.592110 3.350578
0.595386 3.359082
0.598662 3.368624
0.601938 3.378457
0.605214 3.390690


0.000000 3.620020
0.002794 3.620343
0.005589 3.621298
0.008383 3.622841
0.011178 3.624899
0.013972 3.627381
0.016766 3.630177
0.019561 3.633171
0.022355 3.636245
0.025150 3.639289
0.027944 3.642211
0.030738 3.644942
0.033533 3.647451
0.036327 3.649750
0.039122 3.651903
0.041916 3.654028
0.044710 3.656291
0.047505 3.658884
0.050299 3.661985
0.053094 3.665677
0.055888 3.669826
0.058682 3.673843
0.061477 3.676250
0.064271 3.674108
0.067066 3.663766
0.069860 3.644610
0.072654 3.619819
0.075449 3.592633
0.078243 3.565001
0.081037 3.538048
0.083832 3.512533
0.086626 3.489079
0.089421 3.468271
0.092215 3.450657
0.095009 3.436662
0.097804 3.450037
0.100598 3.464265
0.103393 3.477545
0.106187 3.489843
0.108981 3.501132
0.111776 3.511764
0.114570 3.544444
0.117365 3.578326
0.120159 3.612441
0.122953 3.646026
0.125748 3.678436
0.128542 3.709015
0.131337 3.736788
0.134131 3.759382
0.136926 3.769539

0.136926 3.769539
0.138728 3.768988
0.140530 3.767370
0.142332 3.764777
0.144134 3.761330
0.145937 3.757155
0.147739 3.752363
0.149541 3.747047
0.151343 3.741283
0.153146 3.735136
0.154948 3.728658
0.156750 3.721897
0.158552 3.714891
0.160355 3.707679
0.162157 3.700295
0.163959 3.692770
0.165761 3.685135
0.167564 3.677415
0.169366 3.669637
0.171168 3.661824
0.172970 3.653998
0.174773 3.646181
0.176575 3.638390
0.178377 3.630645
0.180179 3.622962
0.181982 3.615358
0.183784 3.607848
0.185586 3.600447
0.187388 3.593169
0.189191 3.586026
0.190993 3.579032
0.192795 3.572195
0.194597 3.565523
0.196400 3.559021
0.198202 3.552688
0.200004 3.546520
0.201806 3.540508
0.203608 3.534640
0.205411 3.528905
0.207213 3.523297
0.209015 3.517823
0.210817 3.512515
0.212620 3.507436
0.214422 3.502692
0.216224 3.498433
0.218027 3.494854
0.219829 3.492182
0.221631 3.490640
0.223433 3.490391
0.225236 3.491475

0.225236 3.491475
0.228206 3.483535
0.231176 3.477231
0.234146 3.472682
0.237116 3.469696
0.240087 3.467739
0.243057 3.466136
0.246027 3.464310
0.248997 3.461881
0.251967 3.458691
0.254937 3.454883
0.257908 3.451255
0.260878 3.450383
0.263848 3.456804
0.266818 3.471730
0.269788 3.493401
0.272759 3.520614
0.275729 3.552618
0.278699 3.588763
0.281669 3.590156
0.284639 3.563809
0.287610 3.532830
0.290580 3.497253
0.293550 3.457273
0.296520 3.413497
0.299490 3.369156
0.302461 3.346661
0.305431 3.344264
0.308401 3.345159
0.311371 3.347313
0.314341 3.350298
0.317312 3.353923
0.320282 3.358057
0.323252 3.362591
0.326222 3.367427
0.329192 3.372477
0.332163 3.377655
0.335133 3.382887
0.338103 3.388104
0.341073 3.393253
0.344043 3.398301
0.347014 3.403254
0.349984 3.408189
0.352954 3.413314
0.355924 3.419026
0.358894 3.425670
0.361865 3.432726
0.364835 3.438824
0.367805 3.442841
0.370775 3.444230

0.370775 3.444230
0.372284 3.443964
0.373792 3.443170
0.375301 3.441867
0.376809 3.440082
0.378318 3.437857
0.379826 3.435242
0.381335 3.432301
0.382843 3.429108
0.384352 3.425748
0.385860 3.422315
0.387369 3.418912
0.388877 3.415652
0.390386 3.412652
0.391895 3.410032
0.393403 3.407914
0.394912 3.406416
0.396420 3.405649
0.397929 3.405713
0.399437 3.406693
0.400946 3.408653
0.402454 3.411636
0.403963 3.415658
0.405471 3.420711
0.406980 3.426763
0.408488 3.433757
0.409997 3.441617
0.411506 3.450251
0.413014 3.459553
0.414523 3.469408
0.416031 3.479698
0.417540 3.490302
0.419048 3.501097
0.420557 3.511967
0.422065 3.522795
0.423574 3.533471
0.425082 3.543892
0.426591 3.553958
0.428099 3.563577
0.429608 3.572663
0.431116 3.581135
0.432625 3.588921
0.434133 3.595954
0.435642 3.602175
0.437150 3.607530
0.438659 3.611975
0.440167 3.615472
0.441676 3.617991
0.443184 3.619511
0.444693 3.620020

0.444693 3.620020
0.447969 3.620560
0.451245 3.622162
0.454521 3.624774
0.457797 3.628315
0.461073 3.632677
0.464349 3.637741
0.467625 3.643380
0.470900 3.649474
0.474177 3.655919
0.477452 3.662641
0.480728 3.669609
0.484004 3.676844
0.487280 3.684435
0.490556 3.692549
0.493832 3.701427
0.497108 3.711367
0.500384 3.722671
0.503660 3.735549
0.506936 3.732737
0.510212 3.686883
0.513488 3.642963
0.516764 3.601424
0.520039 3.562622
0.523316 3.526797
0.526591 3.494065
0.529867 3.464440
0.533143 3.438774
0.536419 3.425652
0.539695 3.411288
0.542971 3.396231
0.546247 3.381236
0.549523 3.367474
0.552799 3.356888
0.556075 3.352443
0.559351 3.356961
0.562627 3.370109
0.565903 3.388353
0.569179 3.408199
0.572454 3.427524
0.575730 3.445248
0.579006 3.460881
0.582282 3.474257
0.585558 3.485329
0.588834 3.493936
0.592110 3.499452
0.595386 3.500606
0.598662 3.496394
0.601938 3.487311
0.605214 3.474561


0.000000 4.359219
0.002794 4.357673
0.005589 4.353048
0.008383 4.345373
0.011178 4.334704
0.013972 4.321113
0.016766 4.304695
0.019561 4.285566
0.022355 4.263859
0.025150 4.239729
0.027944 4.213348
0.030738 4.184905
0.033533 4.154610
0.036327 4.122687
0.039122 4.089381
0.041916 4.054953
0.044710 4.019693
0.047505 3.983920
0.050299 3.948005
0.053094 3.912408
0.055888 3.877766
0.058682 3.845087
0.061477 3.816157
0.064271 3.794113
0.067066 3.782686
0.069860 3.782471
0.072654 3.790192
0.075449 3.802457
0.078243 3.817149
0.081037 3.832992
0.083832 3.849136
0.086626 3.864951
0.089421 3.879938
0.092215 3.893691
0.095009 3.905879
0.097804 3.916228
0.100598 3.924517
0.103393 3.930570
0.106187 3.934250
0.108981 3.935459
0.111776 3.934127
0.114570 3.930219
0.117365 3.923732
0.120159 3.914696
0.122953 3.903189
0.125748 3.889366
0.128542 3.873541
0.131337 3.856454
0.134131 3.840328
0.136926 3.832336

0.136926 3.832336
0.138728 3.832656
0.140530 3.833578
0.142332 3.835001
0.144134 3.836791
0.145937 3.838807
0.147739 3.840915
0.149541 3.843000
0.151343 3.844958
0.153146 3.846702
0.154948 3.848152
0.156750 3.849235
0.158552 3.849886
0.160355 3.850044
0.162157 3.849651
0.163959 3.848656
0.165761 3.847010
0.167564 3.844670
0.169366 3.841598
0.171168 3.837761
0.172970 3.833134
0.174773 3.827696
0.176575 3.821437
0.178377 3.814355
0.180179 3.806457
0.181982 3.797760
0.183784 3.788296
0.185586 3.778108
0.187388 3.767252
0.189191 3.755802
0.190993 3.743847
0.192795 3.731494
0.194597 3.718867
0.196400 3.706107
0.198202 3.693370
0.200004 3.680823
0.201806 3.668639
0.203608 3.656987
0.205411 3.646025
0.207213 3.635888
0.209015 3.626672
0.210817 3.618431
0.212620 3.611169
0.214422 3.604843
0.216224 3.599370
0.218027 3.594644
0.219829 3.590544
0.221631 3.586952
0.223433 3.583766
0.225236 3.580908

0.225236 3.580908
0.228206 3.594516
0.231176 3.607383
0.234146 3.618858
0.237116 3.628658
0.240087 3.636762
0.243057 3.643329
0.246027 3.648625
0.248997 3.652939
0.251967 3.656492
0.254937 3.659351
0.257908 3.661367
0.260878 3.662178
0.263848 3.661274
0.266818 3.658075
0.269788 3.652012
0.272759 3.642574
0.275729 3.629331
0.278699 3.611942
0.281669 3.628423
0.284639 3.671006
0.287610 3.715970
0.290580 3.762823
0.293550 3.811129
0.296520 3.860494
0.299490 3.910560
0.302461 3.961000
0.305431 4.011509
0.308401 4.061802
0.311371 4.111610
0.314341 4.160677
0.317312 4.208760
0.320282 4.255626
0.323252 4.301055
0.326222 4.344835
0.329192 4.386767
0.332163 4.426662
0.335133 4.464341
0.338103 4.499638
0.341073 4.532399
0.344043 4.562480
0.347014 4.589751
0.349984 4.614095
0.352954 4.635407
0.355924 4.653597
0.358894 4.668585
0.361865 4.680309
0.364835 4.688719
0.367805 4.693780
0.370775 4.695469

0.370775 4.695469
0.372284 4.695132
0.373792 4.694124
0.375301 4.692447
0.376809 4.690109
0.378318 4.687116
0.379826 4.683481
0.381335 4.679217
0.382843 4.674339
0.384352 4.668866
0.385860 4.662819
0.387369 4.656220
0.388877 4.649097
0.390386 4.641475
0.391895 4.633386
0.393403 4.624863
0.394912 4.615939
0.396420 4.606650
0.397929 4.597035
0.399437 4.587133
0.400946 4.576985
0.402454 4.566633
0.403963 4.556119
0.405471 4.545487
0.406980 4.534780
0.408488 4.524041
0.409997 4.513316
0.411506 4.502646
0.413014 4.492076
0.414523 4.481646
0.416031 4.471400
0.417540 4.461377
0.419048 4.451618
0.420557 4.442161
0.422065 4.433044
0.423574 4.424305
0.425082 4.415979
0.426591 4.408101
0.428099 4.400706
0.429608 4.393825
0.431116 4.387489
0.432625 4.381730
0.434133 4.376574
0.435642 4.372048
0.437150 4.368174
0.438659 4.364975
0.440167 4.362468
0.441676 4.360667
0.443184 4.359581
0.444693 4.359219

0.444693 4.359219
0.447969 4.356967
0.451245 4.350228
0.454521 4.339053
0.457797 4.323531
0.461073 4.303782
0.464349 4.279962
0.467625 4.252262
0.470900 4.220909
0.474177 4.186161
0.477452 4.148314
0.480728 4.107695
0.484004 4.064666
0.487280 4.019621
0.490556 3.972986
0.493832 3.925216
0.497108 3.876792
0.500384 3.828221
0.503660 3.780025
0.506936 3.750004
0.510212 3.765748
0.513488 3.782207
0.516764 3.798618
0.520039 3.814163
0.523316 3.828075
0.526591 3.839703
0.529867 3.848528
0.533143 3.854165
0.536419 3.856347
0.539695 3.854915
0.542971 3.849809
0.546247 3.841060
0.549523 3.828788
0.552799 3.813204
0.556075 3.794614
0.559351 3.773425
0.562627 3.750151
0.565903 3.725424
0.569179 3.699984
0.572454 3.674664
0.575730 3.650337
0.579006 3.627842
0.582282 3.607875
0.585558 3.590940
0.588834 3.577417
0.592110 3.567862
0.595386 3.563222
0.598662 3.564022
0.601938 3.569241
0.605214 3.577183


