# Tetrahedron method
       -0.4694362074        0.0000000000        0.0000000000        0.0000000000        0.0000000000
       -0.4412700398        0.0000000000        0.0000000000        0.0000000000        0.0000000000
       -0.4131038723        0.0000000000        0.0000000000        0.0000000000        0.0000000000
       -0.3849377047        0.0000000000        0.0000000000        0.0000000000        0.0000000000
       -0.3567715372        0.0000000000        0.0000000000        0.0000000000        0.0000000000
       -0.3286053697        0.0000000000        0.0000000000        0.0000000000        0.0000000000
       -0.3004392021        0.0000000000        0.0000000000        0.0000000000        0.0000000000
       -0.2722730346        0.0000000000        0.0000000000        0.0000000000        0.0000000000
       -0.2441068671        0.0000000000        0.0000000000        0.0000000000        0.0000000000
       -0.2159406995        0.0000000000        0.0000000000        0.0000000000        0.0000000000
       -0.1877745320        0.0000000000        0.0000000000        0.0000000000        0.0000000000
       -0.1596083644        0.0000000000        0.0000000000        0.0000000000        0.0000000000
       -0.1314421969        0.0000000000        0.0000000000        0.0000000000        0.0000000000
       -0.1032760294        0.0000000000        0.0000000000        0.0000000000        0.0000000000
       -0.0751098618        0.0000000000        0.0000000000        0.0000000000        0.0000000000
       -0.0469436943        0.0000000000        0.0000000000        0.0000000000        0.0000000000
       -0.0187775267        0.0000000000        0.0000000000        0.0000000000        0.0000000000
        0.0093886408        0.0000046014        0.0000051923        0.0000054445        0.0000054445
        0.0375548083        0.0000736094        0.0000829821        0.0000871679        0.0000871679
        0.0657209759        0.0002253884        0.0002538411        0.0002671184        0.0002671184
        0.0938871434        0.0004598933        0.0005174475        0.0005454796        0.0005454796
        0.1220533110        0.0008255494        0.0009278701        0.0009801082        0.0009801082
        0.1502194785        0.0017363728        0.0019427988        0.0020598423        0.0020598423
        0.1783856460        0.0035070631        0.0038938474        0.0041435825        0.0041435825
        0.2065518136        0.0053281343        0.0058673811        0.0062673667        0.0062673667
        0.2347179811        0.0068384234        0.0074613409        0.0080258407        0.0080258407
        0.2628841486        0.0081790551        0.0088458427        0.0095806258        0.0095806258
        0.2910503162        0.0101301576        0.0108535095        0.0118476912        0.0118476912
        0.3192164837        0.0131596029        0.0139155785        0.0153364940        0.0153364940
        0.3473826513        0.0158804143        0.0165631548        0.0184121473        0.0184121473
        0.3755488188        0.0197504675        0.0203149580        0.0227767583        0.0227767583
        0.4037149863        0.0237698658        0.0241267040        0.0273730378        0.0273730378
        0.4318811539        0.0274848708        0.0274796455        0.0315645016        0.0315645016
        0.4600473214        0.0322233411        0.0316105926        0.0368416963        0.0368416963
        0.4882134890        0.0383418954        0.0368515551        0.0436794604        0.0436794604
        0.5163796565        0.0445337332        0.0419585097        0.0505204710        0.0505204710
        0.5445458240        0.0503781987        0.0466513094        0.0571729771        0.0571729771
        0.5727119916        0.0591696941        0.0535181327        0.0675658330        0.0675658330
        0.6008781591        0.0677821624        0.0600069087        0.0806632582        0.0806632582
        0.6290443266        0.0792267360        0.0684368305        0.0996747972        0.0996747972
        0.6572104942        0.0896281207        0.0758312361        0.1168406209        0.1168406209
        0.6853766617        0.1052110342        0.0863006298        0.1477318301        0.1477318301
        0.7135428293        0.1139549208        0.0923620592        0.1548836396        0.1548836396
        0.7417089968        0.1227273334        0.0991828334        0.1597414650        0.1597414650
        0.7698751643        0.1350228519        0.1088159325        0.1718688466        0.1718688466
        0.7980413319        0.1467613872        0.1182843071        0.1830257922        0.1830257922
        0.8262074994        0.1606723322        0.1294386065        0.1975696961        0.1975696961
        0.8543736670        0.1774911091        0.1428087287        0.2126955921        0.2126955921
        0.8825398345        0.1964973740        0.1581813005        0.2283284480        0.2283284480
        0.9107060020        0.2152939120        0.1739087207        0.2437771611        0.2437771611
        0.9388721696        0.2421644023        0.1966255294        0.2664702605        0.2664702605
        0.9670383371        0.3216035269        0.2500012934        0.3275192074        0.3275192074
        0.9952045046        0.4462687523        0.3351375208        0.4208050685        0.4208050685
        1.0233706722        0.6379180382        0.4673089772        0.5663818450        0.5663818450
        1.0515368397        0.7961455517        0.5696427245        0.6843618294        0.6843618294
        1.0797030073        0.8799634152        0.6247270227        0.7599438255        0.7599438255
        1.1078691748        0.8874219777        0.6231807281        0.7805341171        0.7805341171
        1.1360353423        0.9031694952        0.6283293353        0.8118061797        0.8118061797
        1.1642015099        0.9311420458        0.6440869527        0.8594686053        0.8594686053
        1.1923676774        1.0361935651        0.7005694870        0.9658244152        0.9658244152
        1.2205338450        0.9769537390        0.6668987719        0.9626013295        0.9626013295
        1.2487000125        0.8836747424        0.6286017987        0.9517421400        0.9517421400
        1.2768661800        0.9538378555        0.6886489469        1.0645649553        1.0645649553
        1.3050323476        0.8801828259        0.6836439906        1.1282727179        1.1282727179
        1.3331985151        0.7947167103        0.6738358523        1.1973657273        1.1973657273
        1.3613646826        0.7059563207        0.6436882393        1.1132640945        1.1132640945
        1.3895308502        0.6635227478        0.5909139578        0.8318536046        0.8318536046
        1.4176970177        0.6981041018        0.6140756987        0.8420780414        0.8420780414
        1.4458631853        0.7249545745        0.6229654234        0.8228182140        0.8228182140
        1.4740293528        0.7385185917        0.5831098349        0.7255378132        0.7255378132
        1.5021955203        0.7071710490        0.5227746840        0.6383904656        0.6383904656
        1.5303616879        0.6896853269        0.4892802763        0.6019603021        0.6019603021
        1.5585278554        0.6801624820        0.4753427124        0.6000098432        0.6000098432
        1.5866940230        0.6559689192        0.4414751499        0.5768696422        0.5768696422
        1.6148601905        0.9174446593        0.5495106162        0.7381439142        0.7381439142
        1.6430263580        1.0329702731        0.6008155579        0.8537499977        0.8537499977
        1.6711925256        1.0831156302        0.6499099052        1.0307043658        1.0307043658
        1.6993586931        1.0092606683        0.5990289041        1.0432523021        1.0432523021
        1.7275248607        0.9064926073        0.5242120240        0.9124790570        0.9124790570
        1.7556910282        0.8409551170        0.4514090154        0.8072512534        0.8072512534
        1.7838571957        0.7952193389        0.4292125793        0.8092676653        0.8092676653
        1.8120233633        0.7803487547        0.4244868400        0.8063367918        0.8063367918
        1.8401895308        0.6053761935        0.4234956477        0.7941932896        0.7941932896
        1.8683556983        0.4175734886        0.2061632427        0.2350051959        0.2350051959
        1.8965218659        0.6799702568        0.2345002642        0.2686713028        0.2686713028
        1.9246880334        1.3101618354        0.3116771286        0.4203810623        0.4203810623
        1.9528542010        1.5948197690        0.3275158145        0.4761962224        0.4761962224
        1.9810203685        2.0432969374        0.4026212557        0.5800074831        0.5800074831
        2.0091865360        2.0802934747        0.4896013438        0.6331934448        0.6331934448
        2.0373527036        2.3060678068        0.5922742039        0.7199788499        0.7199788499
        2.0655188711        2.1407795583        0.6099581589        0.7052674580        0.7052674580
        2.0936850387        1.9137326034        0.6554086017        0.6876562013        0.6876562013
        2.1218512062        1.5658041429        0.6660017942        0.6560712295        0.6560712295
        2.1500173737        1.4442212930        0.7023286141        0.6587208592        0.6587208592
        2.1781835413        1.6271888172        0.7669771040        0.7335902350        0.7335902350
        2.2063497088        1.6120793761        0.8467826591        0.7969473521        0.7969473521
        2.2345158763        1.8067982897        1.0413429728        0.9837727909        0.9837727909
        2.2626820439        1.5649696246        0.9901148008        0.8539231124        0.8539231124
        2.2908482114        1.4427656287        1.1406759741        0.8511611037        0.8511611037
        2.3190143790        1.3897077785        1.3849248395        0.9225040344        0.9225040344
        2.3471805465        1.3235060665        1.5636740295        0.9506433463        0.9506433463
        2.3753467140        1.3233203252        1.8094947312        0.9985369236        0.9985369236
        2.4035128816        1.2809897173        1.8517065148        0.9904102853        0.9904102853
        2.4316790491        1.2622376198        2.0143169175        1.0222635643        1.0222635643
        2.4598452167        1.2848756409        2.3391362443        1.1306435572        1.1306435572
        2.4880113842        1.2180525357        2.3713046629        1.1035592484        1.1035592484
        2.5161775517        1.1982171741        2.4585274703        1.1603772164        1.1603772164
        2.5443437193        1.0826720145        2.0367216364        0.9083797851        0.9083797851
        2.5725098868        0.9800340500        1.6461017800        0.8564465125        0.8564465125
        2.6006760543        0.9446917519        1.4678713061        0.8442744285        0.8442744285
        2.6288422219        0.9938853880        1.5036217414        0.8539876068        0.8539876068
        2.6570083894        0.8697368694        1.0962411849        0.8167935168        0.8167935168
        2.6851745570        0.7244944813        0.9001866216        0.6971565591        0.6971565591
        2.7133407245        0.6575035571        0.8451357936        0.5417490027        0.5417490027
        2.7415068920        0.6905631425        0.8634559231        0.5091958889        0.5091958889
        2.7696730596        0.7326958738        0.8633806652        0.5513789075        0.5513789075
        2.7978392271        0.8283606461        0.9203324822        0.6310286662        0.6310286662
        2.8260053947        0.7806248393        0.9001932996        0.5836512321        0.5836512321
        2.8541715622        0.8132198349        0.9134148492        0.6036208157        0.6036208157
        2.8823377297        0.9012020021        0.9396368300        0.6504275479        0.6504275479
        2.9105038973        0.8885504748        0.8906487743        0.6224260243        0.6224260243
        2.9386700648        1.0614852376        0.9657091946        0.7650496838        0.7650496838
        2.9668362323        1.1145626908        1.0737984474        0.9331838372        0.9331838372
        2.9950023999        1.0562420924        1.2022011570        1.0620057419        1.0620057419
        3.0231685674        1.1814265248        1.0344465256        0.9167661494        0.9167661494
        3.0513347350        1.3868980729        1.2444500165        1.2438380343        1.2438380343
        3.0795009025        1.3410789682        1.3891752536        1.3585550350        1.3585550350
        3.1076670700        1.4749072145        1.2684807062        1.5359120047        1.5359120047
        3.1358332376        1.2496296381        1.0053860081        1.4768969516        1.4768969516
        3.1639994051        1.2680459670        0.9122582390        1.5204198897        1.5204198897
        3.1921655727        1.4204177791        0.9619705583        1.7055422635        1.7055422635
        3.2203317402        1.5420622285        1.0024976188        1.9039522819        1.9039522819
        3.2484979077        1.4640068034        0.8937194560        1.9097204194        1.9097204194
        3.2766640753        1.4982428083        1.0830345222        2.4165267531        2.4165267531
        3.3048302428        1.5885685513        0.9617555457        2.3612198347        2.3612198347
        3.3329964103        1.7195040555        1.0420464825        2.5475324680        2.5475324680
        3.3611625779        1.9734100995        0.9433728153        2.8442729924        2.8442729924
        3.3893287454        1.6797988945        0.7817728545        2.4052258119        2.4052258119
        3.4174949130        1.1725006958        0.7396429109        1.8882882265        1.8882882265
        3.4456610805        1.1273382322        0.4969367442        1.8110830543        1.8110830543
        3.4738272480        0.9724429701        0.6235821059        1.7353860771        1.7353860771
        3.5019934156        0.9668345109        1.0762683574        1.9706337108        1.9706337108
        3.5301595831        0.6082873386        1.1644313331        1.6176139671        1.6176139671
        3.5583257507        0.3403005657        0.8057291065        1.0932671848        1.0932671848
        3.5864919182        0.2830389499        0.7314936311        1.0515096243        1.0515096243
        3.6146580857        0.2542473917        0.6801477587        1.0795597493        1.0795597493
        3.6428242533        0.2677135845        0.6515888444        1.2044358232        1.2044358232
        3.6709904208        0.2360275177        0.7581852053        1.2779683803        1.2779683803
        3.6991565884        0.1278291165        0.7176083881        0.7037899306        0.7037899306
        3.7273227559        0.0721707874        0.7222658258        0.4288896442        0.4288896442
        3.7554889234        0.0322769640        0.8195716979        0.2878754994        0.2878754994
        3.7836550910        0.0272231167        0.9877846146        0.3011709814        0.3011709814
        3.8118212585        0.0261425205        1.0460443156        0.3097373656        0.3097373656
        3.8399874260        0.0275472528        1.1757922762        0.3344737642        0.3344737642
        3.8681535936        0.0283745148        1.1917052231        0.3303712131        0.3303712131
        3.8963197611        0.0247584184        1.0214710209        0.2762892643        0.2762892643
        3.9244859287        0.0237276197        0.9634396496        0.2551146620        0.2551146620
        3.9526520962        0.0230764020        0.9200369766        0.2397783552        0.2397783552
        3.9808182637        0.0228629530        0.8954105352        0.2297635751        0.2297635751
        4.0089844313        0.0227494951        0.8808180140        0.2237081165        0.2237081165
        4.0371505988        0.0226556388        0.8670055667        0.2176761229        0.2176761229
        4.0653167664        0.0225456430        0.8565029522        0.2134105075        0.2134105075
        4.0934829339        0.0223632641        0.8504434189        0.2112127280        0.2112127280
        4.1216491014        0.0220733981        0.8397647038        0.2072904853        0.2072904853
        4.1498152690        0.0206701805        0.7346820909        0.1723479817        0.1723479817
        4.1779814365        0.0198462259        0.6746107777        0.1523892651        0.1523892651
        4.2061476040        0.0187306741        0.6169150352        0.1353488844        0.1353488844
        4.2343137716        0.0177551294        0.5691239279        0.1214597868        0.1214597868
        4.2624799391        0.0171222632        0.5356134741        0.1104071318        0.1104071318
        4.2906461067        0.0155667868        0.4800400801        0.0966012980        0.0966012980
        4.3188122742        0.0143538992        0.4373990581        0.0853922012        0.0853922012
        4.3469784417        0.0063657621        0.2182539594        0.0490872470        0.0490872470
        4.3751446093        0.0036740569        0.1634640437        0.0401810790        0.0401810790
        4.4033107768        0.0027664727        0.1443068049        0.0363301473        0.0363301473
        4.4314769444        0.0021366560        0.1294430874        0.0331098605        0.0331098605
        4.4596431119        0.0016591772        0.1169830018        0.0302778734        0.0302778734
        4.4878092794        0.0012708195        0.1052382711        0.0274875466        0.0274875466
        4.5159754470        0.0009486098        0.0934705396        0.0245797943        0.0245797943
        4.5441416145        0.0006919561        0.0831164613        0.0219905807        0.0219905807
        4.5723077820        0.0004811418        0.0730102388        0.0194230518        0.0194230518
        4.6004739496        0.0003023754        0.0607039622        0.0162053256        0.0162053256
        4.6286401171        0.0001716155        0.0503413305        0.0134949556        0.0134949556
        4.6568062847        0.0000665547        0.0343872308        0.0092403513        0.0092403513
        4.6849724522        0.0000056755        0.0112146796        0.0030209551        0.0030209551
        4.7131386197        0.0000000000        0.0000000000        0.0000000000        0.0000000000
        4.7413047873        0.0000000000        0.0000000000        0.0000000000        0.0000000000
        4.7694709548        0.0000000000        0.0000000000        0.0000000000        0.0000000000
        4.7976371224        0.0000000000        0.0000000000        0.0000000000        0.0000000000
        4.8258032899        0.0000000000        0.0000000000        0.0000000000        0.0000000000
        4.8539694574        0.0000000000        0.0000000000        0.0000000000        0.0000000000
        4.8821356250        0.0000000000        0.0000000000        0.0000000000        0.0000000000
        4.9103017925        0.0000000000        0.0000000000        0.0000000000        0.0000000000
        4.9384679600        0.0000000000        0.0000000000        0.0000000000        0.0000000000
        4.9666341276        0.0000000000        0.0000000000        0.0000000000        0.0000000000
        4.9948002951        0.0000000000        0.0000000000        0.0000000000        0.0000000000
        5.0229664627        0.0000000000        0.0000000000        0.0000000000        0.0000000000
        5.0511326302        0.0000000000        0.0000000000        0.0000000000        0.0000000000
        5.0792987977        0.0000000000        0.0000000000        0.0000000000        0.0000000000
        5.1074649653        0.0000000000        0.0000000000        0.0000000000        0.0000000000
        5.1356311328        0.0000000000        0.0000000000        0.0000000000        0.0000000000
        5.1637973004        0.0000000000        0.0000000000        0.0000000000        0.0000000000
