6.672466335574127241e-04 5.565839617008658952e-04 4.001843502193084546e-06 2.620303723565480238e-06 2.328359129794943481e-08 2.801401080439504093e-08 4.022884385268299122e-07 1.505154573235938136e-06 1.858599205398937332e-06 1.371368424733493400e-06 1.999765560923044050e-07 3.729011765659246174e-07 8.158428081659366340e-10 5.115830859386377206e-08 0.000000000000000000e+00
5.565839617008658952e-04 1.942604402070358463e-03 2.256708701664251614e-04 6.648484494592359442e-05 2.294954006915686268e-05 4.746259586322136289e-06 1.938431040156872925e-05 1.037853672686626425e-05 5.375924147101458547e-06 7.283530064278523511e-06 2.616978867638119674e-06 1.532991161557874740e-06 7.019329909480757521e-08 6.790005668321545162e-07 8.835434451211328968e-08
4.001843502193084546e-06 2.256708701664251614e-04 2.256958685717615383e-03 1.058315259902575583e-03 6.528367975511119130e-04 7.307028477181160388e-04 2.766259189528390782e-04 5.663792784410871421e-05 2.492520102592647493e-05 2.612299564841867304e-05 2.892368795877181249e-05 9.979649242049023548e-06 1.785453836825886911e-06 3.251471403675990570e-06 1.595497481306396680e-06
2.620303723565478967e-06 6.648484494592359442e-05 1.058315259902578836e-03 1.351947723614001923e-02 5.225985826214968669e-03 2.075658873429038920e-03 1.262751311927999814e-03 3.594762927929279900e-04 1.389475822930048257e-04 1.018302329180782224e-04 6.979617810033263907e-05 2.286017753674512973e-05 9.251262727602975488e-06 9.181835722926006595e-06 1.355843083284472319e-06
2.328359129794943812e-08 2.294954006915682880e-05 6.528367975511169003e-04 5.225985826214817748e-03 2.242791340044032744e-02 7.498244253804021466e-03 2.701480788942473878e-03 5.701004685198310384e-04 2.310070671623822426e-04 1.495381065570980828e-04 1.548422797144645955e-04 4.370744061600250564e-05 1.502525086074350350e-05 9.758514010473108173e-06 1.040937341752683104e-06
2.801401080439504093e-08 4.746259586322144760e-06 7.307028477181134367e-04 2.075658873429021140e-03 7.498244253804008455e-03 2.146944751097609044e-02 1.099989788822213280e-02 1.502211814140328111e-03 3.267561632009536600e-04 2.045211517135335976e-04 1.566416221656292713e-04 5.780659332742533319e-05 1.931340508807864728e-05 9.415339670917146519e-06 2.586182934467379270e-06
4.022884385268299122e-07 1.938431040156869537e-05 2.766259189528425476e-04 1.262751311927996127e-03 2.701480788942454362e-03 1.099989788822169912e-02 2.853568151915314433e-02 1.023886789564705697e-02 1.467749812536898839e-03 6.489112849540003454e-04 3.099302560819770032e-04 1.491664607439153252e-04 3.364255552001986461e-05 2.349947044254248584e-05 4.945020125313304076e-06
1.505154573235939406e-06 1.037853672686622021e-05 5.663792784410907335e-05 3.594762927929272310e-04 5.701004685198149922e-04 1.502211814140323558e-03 1.023886789564751321e-02 3.444128237866549841e-02 1.092483312717856814e-02 2.290564154292774445e-03 9.855670916635876546e-04 4.109478535499879533e-04 8.588592452595447267e-05 3.100038899350650865e-05 4.679633865782366614e-06
1.858599205398934791e-06 5.375924147101466170e-06 2.492520102592666128e-05 1.389475822930057473e-04 2.310070671623803181e-04 3.267561632009578884e-04 1.467749812536855037e-03 1.092483312717855079e-02 3.594493371002424609e-02 1.392844298305068174e-02 2.163348936233498547e-03 5.135218275272828824e-04 8.769040125609551162e-05 3.276082403186568318e-05 3.091874902327615197e-06
1.371368424733495517e-06 7.283530064278509958e-06 2.612299564841866965e-05 1.018302329180805534e-04 1.495381065570985978e-04 2.045211517135344650e-04 6.489112849539936233e-04 2.290564154292769675e-03 1.392844298305056724e-02 2.721094519457656694e-02 1.377728875967453373e-02 1.873904031149537181e-03 2.568926024848509015e-04 6.125418521833180820e-05 6.437070103404549955e-06
1.999765560923041667e-07 2.616978867638114168e-06 2.892368795877194802e-05 6.979617810033449576e-05 1.548422797144641619e-04 1.566416221656318191e-04 3.099302560819729374e-04 9.855670916635768126e-04 2.163348936233506787e-03 1.377728875967434811e-02 2.131511624191460841e-02 6.280794620369599575e-03 7.907297764865355493e-04 1.184319089299405410e-04 2.454136153647455657e-05
3.729011765659247762e-07 1.532991161557872834e-06 9.979649242049115027e-06 2.286017753674511279e-05 4.370744061600213295e-05 5.780659332742578720e-05 1.491664607439154608e-04 4.109478535499844296e-04 5.135218275272893877e-04 1.873904031149546722e-03 6.280794620369717536e-03 1.081538355367599180e-02 1.346480202702741037e-03 3.413419326099760044e-04 4.062323826690171974e-05
8.158428081659366340e-10 7.019329909480760168e-08 1.785453836825881405e-06 9.251262727602956853e-06 1.502525086074332392e-05 1.931340508807858630e-05 3.364255552001998658e-05 8.588592452595534004e-05 8.769040125609521346e-05 2.568926024848507930e-04 7.907297764865311041e-04 1.346480202702739519e-03 3.458431485541229276e-03 1.295340084339934852e-03 4.036578911587896805e-05
5.115830859386379853e-08 6.790005668321548338e-07 3.251471403675992264e-06 9.181835722926006595e-06 9.758514010473116643e-06 9.415339670917141437e-06 2.349947044254257393e-05 3.100038899350657641e-05 3.276082403186554766e-05 6.125418521833180820e-05 1.184319089299408121e-04 3.413419326099762213e-04 1.295340084339934852e-03 1.192725241230084684e-03 1.010576344259833309e-05
0.000000000000000000e+00 8.835434451211328968e-08 1.595497481306396680e-06 1.355843083284472319e-06 1.040937341752683104e-06 2.586182934467379270e-06 4.945020125313304076e-06 4.679633865782366614e-06 3.091874902327615197e-06 6.437070103404549955e-06 2.454136153647455657e-05 4.062323826690171974e-05 4.036578911587896805e-05 1.010576344259833309e-05 0.000000000000000000e+00
