# Tetrahedron method
       -0.4545713066        0.0000000000        0.0000000000        0.0000000000        0.0000000000        0.0000000000        0.0000000000        0.0000000000        0.0000000000        0.0000000000        0.0000000000        0.0000000000        0.0000000000        0.0000000000        0.0000000000        0.0000000000        0.0000000000
       -0.4272970292        0.0000000000        0.0000000000        0.0000000000        0.0000000000        0.0000000000        0.0000000000        0.0000000000        0.0000000000        0.0000000000        0.0000000000        0.0000000000        0.0000000000        0.0000000000        0.0000000000        0.0000000000        0.0000000000
       -0.4000227517        0.0000000000        0.0000000000        0.0000000000        0.0000000000        0.0000000000        0.0000000000        0.0000000000        0.0000000000        0.0000000000        0.0000000000        0.0000000000        0.0000000000        0.0000000000        0.0000000000        0.0000000000        0.0000000000
       -0.3727484743        0.0000000000        0.0000000000        0.0000000000        0.0000000000        0.0000000000        0.0000000000        0.0000000000        0.0000000000        0.0000000000        0.0000000000        0.0000000000        0.0000000000        0.0000000000        0.0000000000        0.0000000000        0.0000000000
       -0.3454741969        0.0000000000        0.0000000000        0.0000000000        0.0000000000        0.0000000000        0.0000000000        0.0000000000        0.0000000000        0.0000000000        0.0000000000        0.0000000000        0.0000000000        0.0000000000        0.0000000000        0.0000000000        0.0000000000
       -0.3181999195        0.0000000000        0.0000000000        0.0000000000        0.0000000000        0.0000000000        0.0000000000        0.0000000000        0.0000000000        0.0000000000        0.0000000000        0.0000000000        0.0000000000        0.0000000000        0.0000000000        0.0000000000        0.0000000000
       -0.2909256421        0.0000000000        0.0000000000        0.0000000000        0.0000000000        0.0000000000        0.0000000000        0.0000000000        0.0000000000        0.0000000000        0.0000000000        0.0000000000        0.0000000000        0.0000000000        0.0000000000        0.0000000000        0.0000000000
       -0.2636513646        0.0000000000        0.0000000000        0.0000000000        0.0000000000        0.0000000000        0.0000000000        0.0000000000        0.0000000000        0.0000000000        0.0000000000        0.0000000000        0.0000000000        0.0000000000        0.0000000000        0.0000000000        0.0000000000
       -0.2363770872        0.0000000000        0.0000000000        0.0000000000        0.0000000000        0.0000000000        0.0000000000        0.0000000000        0.0000000000        0.0000000000        0.0000000000        0.0000000000        0.0000000000        0.0000000000        0.0000000000        0.0000000000        0.0000000000
       -0.2091028098        0.0000000000        0.0000000000        0.0000000000        0.0000000000        0.0000000000        0.0000000000        0.0000000000        0.0000000000        0.0000000000        0.0000000000        0.0000000000        0.0000000000        0.0000000000        0.0000000000        0.0000000000        0.0000000000
       -0.1818285324        0.0000000000        0.0000000000        0.0000000000        0.0000000000        0.0000000000        0.0000000000        0.0000000000        0.0000000000        0.0000000000        0.0000000000        0.0000000000        0.0000000000        0.0000000000        0.0000000000        0.0000000000        0.0000000000
       -0.1545542550        0.0000000000        0.0000000000        0.0000000000        0.0000000000        0.0000000000        0.0000000000        0.0000000000        0.0000000000        0.0000000000        0.0000000000        0.0000000000        0.0000000000        0.0000000000        0.0000000000        0.0000000000        0.0000000000
       -0.1272799775        0.0000000000        0.0000000000        0.0000000000        0.0000000000        0.0000000000        0.0000000000        0.0000000000        0.0000000000        0.0000000000        0.0000000000        0.0000000000        0.0000000000        0.0000000000        0.0000000000        0.0000000000        0.0000000000
       -0.1000057001        0.0000000000        0.0000000000        0.0000000000        0.0000000000        0.0000000000        0.0000000000        0.0000000000        0.0000000000        0.0000000000        0.0000000000        0.0000000000        0.0000000000        0.0000000000        0.0000000000        0.0000000000        0.0000000000
       -0.0727314227        0.0000000000        0.0000000000        0.0000000000        0.0000000000        0.0000000000        0.0000000000        0.0000000000        0.0000000000        0.0000000000        0.0000000000        0.0000000000        0.0000000000        0.0000000000        0.0000000000        0.0000000000        0.0000000000
       -0.0454571453        0.0000000000        0.0000000000        0.0000000000        0.0000000000        0.0000000000        0.0000000000        0.0000000000        0.0000000000        0.0000000000        0.0000000000        0.0000000000        0.0000000000        0.0000000000        0.0000000000        0.0000000000        0.0000000000
       -0.0181828679        0.0000000000        0.0000000000        0.0000000000        0.0000000000        0.0000000000        0.0000000000        0.0000000000        0.0000000000        0.0000000000        0.0000000000        0.0000000000        0.0000000000        0.0000000000        0.0000000000        0.0000000000        0.0000000000
        0.0090914096        0.0000068321        0.0000068322        0.0000068310        0.0000068321        0.0000077102        0.0000077101        0.0000077096        0.0000077101        0.0000080869        0.0000080851        0.0000080851        0.0000080851        0.0000080851        0.0000080851        0.0000080869        0.0000080851
        0.0363656870        0.0001092616        0.0001092639        0.0001091870        0.0001092616        0.0001232183        0.0001232119        0.0001231800        0.0001232118        0.0001295660        0.0001294518        0.0001294509        0.0001294517        0.0001294509        0.0001294517        0.0001295660        0.0001294518
        0.0636399644        0.0003344512        0.0003344636        0.0003340516        0.0003344515        0.0003769096        0.0003768756        0.0003767047        0.0003768747        0.0003973335        0.0003967214        0.0003967165        0.0003967212        0.0003967165        0.0003967212        0.0003973335        0.0003967214
        0.0909142418        0.0006822218        0.0006822580        0.0006810568        0.0006822227        0.0007682918        0.0007681927        0.0007676944        0.0007681902        0.0008119816        0.0008101969        0.0008101829        0.0008101966        0.0008101829        0.0008101966        0.0008119816        0.0008101969
        0.1181885192        0.0011523941        0.0011524735        0.0011498347        0.0011523962        0.0012968726        0.0012966550        0.0012955602        0.0012966494        0.0013741025        0.0013701815        0.0013701506        0.0013701807        0.0013701506        0.0013701807        0.0013741025        0.0013701815
        0.1454627967        0.0022027682        0.0022029942        0.0021926627        0.0022027739        0.0024723781        0.0024717585        0.0024676052        0.0024717424        0.0026282562        0.0026135677        0.0026134798        0.0026135654        0.0026134798        0.0026135654        0.0026282562        0.0026135677
        0.1727370741        0.0045743782        0.0045753935        0.0045481008        0.0045744039        0.0051195368        0.0051167531        0.0051080855        0.0051166809        0.0054573046        0.0054193129        0.0054189181        0.0054193029        0.0054189181        0.0054193029        0.0054573046        0.0054193129
        0.2000113515        0.0078140959        0.0078167591        0.0077769328        0.0078141640        0.0087337200        0.0087264106        0.0087194544        0.0087262181        0.0093359207        0.0092765443        0.0092755119        0.0092765181        0.0092755119        0.0092765181        0.0093359207        0.0092765443
        0.2272856289        0.0073430907        0.0073434094        0.0072972299        0.0073431290        0.0081734744        0.0081722898        0.0081496447        0.0081721446        0.0087806761        0.0087150586        0.0087150691        0.0087150554        0.0087150691        0.0087150554        0.0087806761        0.0087150586
        0.2545599063        0.0095576922        0.0095585635        0.0094875399        0.0095578027        0.0106031370        0.0105998379        0.0105694004        0.0105994170        0.0114569165        0.0113540657        0.0113541205        0.0113540568        0.0113541205        0.0113540568        0.0114569165        0.0113540657
        0.2818341838        0.0150938049        0.0150952694        0.0149244119        0.0150939798        0.0166160950        0.0166106630        0.0165522260        0.0166100002        0.0180777691        0.0178231657        0.0178232090        0.0178231507        0.0178232090        0.0178231507        0.0180777691        0.0178231657
        0.3091084612        0.0154061774        0.0154079294        0.0152472803        0.0154063785        0.0168922534        0.0168858382        0.0168463892        0.0168850781        0.0184717578        0.0182094312        0.0182094470        0.0182094134        0.0182094470        0.0182094134        0.0184717578        0.0182094312
        0.3363827386        0.0176099215        0.0176115273        0.0173974519        0.0176100997        0.0192294077        0.0192235897        0.0191778911        0.0192229174        0.0211834423        0.0208484757        0.0208484634        0.0208484594        0.0208484634        0.0208484594        0.0211834423        0.0208484757
        0.3636570160        0.0224205907        0.0224215771        0.0221448904        0.0224206970        0.0243224394        0.0243188815        0.0242654352        0.0243184760        0.0269512265        0.0265027161        0.0265027077        0.0265027089        0.0265027077        0.0265027089        0.0269512265        0.0265027161
        0.3909312934        0.0256195512        0.0256198893        0.0252452668        0.0256196001        0.0276313060        0.0276296854        0.0275394850        0.0276294064        0.0308759357        0.0302733894        0.0302736579        0.0302734312        0.0302736579        0.0302734312        0.0308759357        0.0302733894
        0.4182055709        0.0305570667        0.0305574124        0.0300865488        0.0305571648        0.0327108436        0.0327078292        0.0326286274        0.0327070660        0.0368336916        0.0360263825        0.0360275537        0.0360265653        0.0360275537        0.0360265653        0.0368336916        0.0360263825
        0.4454798483        0.0327216537        0.0327222439        0.0322883534        0.0327218534        0.0348734908        0.0348674702        0.0348082959        0.0348658586        0.0395111359        0.0387283398        0.0387309123        0.0387287400        0.0387309123        0.0387287400        0.0395111359        0.0387283398
        0.4727541257        0.0382426038        0.0382432721        0.0377585990        0.0382428699        0.0404246795        0.0404167799        0.0403812888        0.0404145729        0.0461037963        0.0451823457        0.0451859677        0.0451829079        0.0451859677        0.0451829079        0.0461037963        0.0451823457
        0.5000284031        0.0415810892        0.0415816882        0.0410553276        0.0415813652        0.0436821450        0.0436740462        0.0436421965        0.0436717085        0.0502663841        0.0492412608        0.0492451746        0.0492418674        0.0492451746        0.0492418674        0.0502663841        0.0492412608
        0.5273026805        0.0460121344        0.0460125829        0.0454210191        0.0460123696        0.0480408082        0.0480339688        0.0480147293        0.0480319447        0.0558705097        0.0546763071        0.0546797455        0.0546768393        0.0546797455        0.0546768393        0.0558705097        0.0546763071
        0.5545769580        0.0534840043        0.0534842878        0.0528079760        0.0534841546        0.0553077056        0.0553033116        0.0553356950        0.0553020056        0.0648635012        0.0634076595        0.0634098993        0.0634080103        0.0634098993        0.0634080103        0.0648635012        0.0634076595
        0.5818512354        0.0585151773        0.0585152123        0.0578453500        0.0585152105        0.0601241905        0.0601223660        0.0601695916        0.0601217002        0.0712391954        0.0697288615        0.0697306274        0.0697292681        0.0697306274        0.0697292681        0.0712391954        0.0697288615
        0.6091255128        0.0649121744        0.0649119539        0.0642146205        0.0649121999        0.0662047741        0.0662001468        0.0663068459        0.0661980761        0.0794532810        0.0777511161        0.0777577177        0.0777527615        0.0777577177        0.0777527615        0.0794532810        0.0777511161
        0.6363997902        0.0701240728        0.0701233928        0.0694629346        0.0701240916        0.0710710838        0.0710625305        0.0712640766        0.0710584040        0.0865885414        0.0847303826        0.0847439884        0.0847337968        0.0847439884        0.0847337968        0.0865885414        0.0847303826
        0.6636740676        0.0788153981        0.0788142001        0.0780246488        0.0788153676        0.0791120555        0.0791030600        0.0793679984        0.0790981904        0.0977556414        0.0955086099        0.0955254065        0.0955128614        0.0955254065        0.0955128614        0.0977556414        0.0955086099
        0.6909483451        0.0894740148        0.0894726275        0.0886775770        0.0894739465        0.0888249166        0.0888176522        0.0891898182        0.0888132589        0.1111642519        0.1085267713        0.1085424984        0.1085307792        0.1085424984        0.1085307792        0.1111642519        0.1085267713
        0.7182226225        0.0970889890        0.0970879175        0.0963534650        0.0970889296        0.0956873161        0.0956823386        0.0961415680        0.0956791958        0.1219797150        0.1191363158        0.1191477142        0.1191392273        0.1191477142        0.1191392273        0.1219797150        0.1191363158
        0.7454968999        0.1063349607        0.1063348089        0.1055185856        0.1063349598        0.1041441811        0.1041423725        0.1046091564        0.1041418824        0.1358178830        0.1325512754        0.1325510047        0.1325508060        0.1325510047        0.1325508060        0.1358178830        0.1325512754
        0.7727711773        0.1207926020        0.1207894180        0.1198562831        0.1207917281        0.1175258591        0.1175742403        0.1180929619        0.1175933089        0.1578514094        0.1538391540        0.1537703482        0.1538188837        0.1537703482        0.1538188837        0.1578514094        0.1538391540
        0.8000454548        0.1392966730        0.1392905317        0.1383396474        0.1392950365        0.1338993314        0.1339893091        0.1346047925        0.1340234156        0.1844860269        0.1795175693        0.1793998325        0.1794836005        0.1793998325        0.1794836005        0.1844860269        0.1795175693
        0.8273197322        0.1545267941        0.1546096853        0.1534296665        0.1545252619        0.1480102898        0.1479905398        0.1486941277        0.1480756367        0.2197127437        0.2137326061        0.2134464610        0.2135267058        0.2134464610        0.2135267058        0.2197127437        0.2137326061
        0.8545940096        0.1821962716        0.1827570419        0.1806802521        0.1821988377        0.1794113510        0.1788067542        0.1796949364        0.1786966433        0.3402732627        0.3310946196        0.3309872792        0.3313152905        0.3309872792        0.3313152905        0.3402732627        0.3310946196
        0.8818682870        0.2285744794        0.2252783070        0.2274953216        0.2285757256        0.2223093744        0.2251142220        0.2268039445        0.2250639620        0.4425645793        0.4322725865        0.4351603471        0.4323963213        0.4351603471        0.4323963213        0.4425645793        0.4322725865
        0.9091425644        0.2725300489        0.2728124233        0.2668528547        0.2725300489        0.2562462961        0.2560142512        0.2547257854        0.2560142512        0.4718336574        0.4518983014        0.4516701122        0.4518983014        0.4516701122        0.4518983014        0.4718336574        0.4518983014
        0.9364168419        0.3391664578        0.3384433428        0.3325859111        0.3391664578        0.3076577849        0.3082520143        0.3075627194        0.3082520143        0.5375951209        0.5123214526        0.5129058081        0.5123214526        0.5129058081        0.5123214526        0.5375951209        0.5123214526
        0.9636911193        0.4429640487        0.4428780630        0.4400589570        0.4429640487        0.3907119406        0.3907826005        0.3931629182        0.3907826005        0.6349355096        0.6053961648        0.6054656506        0.6053961648        0.6054656506        0.6053961648        0.6349355096        0.6053961648
        0.9909653967        0.5802359569        0.5816565547        0.5926031348        0.5802651710        0.4927092632        0.4916826996        0.5069438175        0.4916611410        0.7414878263        0.7166260081        0.7175373985        0.7166447243        0.7175373985        0.7166447243        0.7414878263        0.7166260081
        1.0182396741        0.6741729026        0.6743269145        0.6512481068        0.6741740186        0.5539524450        0.5538397302        0.5382231453        0.5538388288        0.7855777749        0.7555735525        0.7556669913        0.7555733507        0.7556669913        0.7555733507        0.7855777749        0.7555735525
        1.0455139515        0.5915274328        0.5914000013        0.5747806804        0.5915077790        0.4829048184        0.4829786657        0.4715972418        0.4829925975        0.6991021603        0.6520717236        0.6519243755        0.6520534226        0.6519243755        0.6520534226        0.6991021603        0.6520717236
        1.0727882290        0.5788604711        0.5786371190        0.5916060188        0.5788419496        0.4625578655        0.4627040330        0.4754297680        0.4627172390        0.6690911308        0.6627754330        0.6625804132        0.6627589441        0.6625804132        0.6627589441        0.6690911308        0.6627754330
        1.1000625064        0.4746095707        0.4751413721        0.4486511244        0.4746167553        0.3605754642        0.3602057594        0.3427010429        0.3602002660        0.4721785158        0.4541366153        0.4547364558        0.4541332241        0.4547364558        0.4541332241        0.4721785158        0.4541366153
        1.1273367838        0.5968934390        0.5972793304        0.5815677258        0.5969345693        0.4465421525        0.4462980178        0.4357111890        0.4462691284        0.6107188149        0.5849280267        0.5853700812        0.5850484313        0.5853700812        0.5850484313        0.6107188149        0.5849280267
        1.1546110612        0.6133855915        0.6133758492        0.6241649135        0.6135051400        0.4532406980        0.4533301940        0.4579161051        0.4532475750        0.6810944615        0.6514006054        0.6515171838        0.6518716256        0.6515171838        0.6518716256        0.6810944615        0.6514006054
        1.1818853386        0.6426775686        0.6429348196        0.6690904603        0.6428458798        0.4799392041        0.4798772520        0.4881169355        0.4797609994        0.7886764543        0.7372556812        0.7378560002        0.7379815641        0.7378560002        0.7379815641        0.7886764543        0.7372556812
        1.2091596161        0.6147535267        0.6163204600        0.6377901173        0.6148023397        0.4771431592        0.4759455231        0.4815292890        0.4759072636        0.8875604875        0.8120987277        0.8135783395        0.8126027182        0.8135783395        0.8126027182        0.8875604875        0.8120987277
        1.2364338935        0.8230839338        0.8205195843        0.7682426452        0.8217298270        0.7696646123        0.7705511605        0.7208637408        0.7708688764        2.0155411605        1.6810906268        1.7242292593        1.7213098899        1.7242292593        1.7213098899        2.0155411605        1.6810906268
        1.2637081709        0.6086587784        0.6061213567        0.6423193022        0.6085871995        0.4050602562        0.4067466885        0.4209945539        0.4068107669        0.6021775220        0.6014763388        0.5979852630        0.5991406038        0.5979852630        0.5991406038        0.6021775220        0.6014763388
        1.2909824483        1.1846456517        1.1891557978        1.1755521198        1.1846293620        0.7190269992        0.7162254715        0.6987261312        0.7162407519        1.1281898139        1.0034082587        1.0059275663        1.0032160126        1.0059275663        1.0032160126        1.1281898139        1.0034082587
        1.3182567257        0.8690271991        0.8732585964        0.8361154867        0.8680080695        0.5392412960        0.5358652842        0.5205037494        0.5364830707        0.8921444209        0.8277115805        0.8305026274        0.8271432721        0.8304257454        0.8270663901        0.8920675390        0.8276346986
        1.3455310032        1.1281064672        1.1280500766        1.1088143414        1.1264219795        0.6535505149        0.6524586887        0.6480374269        0.6533502802        0.7902649672        0.7782813522        0.7795038111        0.7790315961        0.7794920339        0.7790198190        0.7902531901        0.7782695750
        1.3728052806        1.9284054930        1.9284760003        1.9950907223        1.9287027014        1.0818119719        1.0818806876        1.1235655198        1.0817877078        1.6263148174        1.5515072968        1.5516041745        1.5508541465        1.5516068395        1.5508568115        1.6263174824        1.5515099618
        1.4000795580        1.3024214864        1.3020120058        1.3060275464        1.3023125686        0.7750322143        0.7752475981        0.7898926660        0.7753677782        1.3458851691        1.2798972597        1.2797660621        1.2793604158        1.2797660621        1.2793604158        1.3458851691        1.2798972597
        1.4273538354        1.1707445558        1.1711879301        1.1564417537        1.1704203190        0.7200302230        0.7194688630        0.7151291762        0.7197303152        1.3381299494        1.2683522464        1.2692466257        1.2674645822        1.2692466257        1.2674645822        1.3381299494        1.2683522464
        1.4546281128        0.8400915562        0.8403130392        0.8149580737        0.8403874679        0.5227194655        0.5213606678        0.5100997474        0.5213464897        0.9725048361        0.8876199411        0.8955231079        0.8869678473        0.8955231079        0.8869678473        0.9725048361        0.8876199411
        1.4819023903        0.6459031953        0.6453417743        0.6314126266        0.6462639458        0.4030492140        0.4035788235        0.3826726183        0.4033728530        0.6541645316        0.5761377694        0.5760209660        0.5762333638        0.5760209660        0.5762333638        0.6541645316        0.5761377694
        1.5091766677        0.6643535258        0.6640821531        0.6576199330        0.6638979472        0.4258174993        0.4257372766        0.4078959626        0.4259752546        0.7487937018        0.6396063093        0.6395712464        0.6397470197        0.6395712464        0.6397470197        0.7487937018        0.6396063093
        1.5364509451        0.7363256388        0.7362207828        0.7094837235        0.7354239905        0.4829872986        0.4825647051        0.4589821234        0.4830463995        0.9607021394        0.7532697763        0.7532949615        0.7534586428        0.7532949615        0.7534586428        0.9607021394        0.7532697763
        1.5637252225        0.8328130850        0.8327522361        0.8527518819        0.8322248855        0.5567214337        0.5564412378        0.5583053408        0.5567556492        1.0699783457        1.0157943410        1.0158121051        1.0159152716        1.0158121051        1.0159152716        1.0699783457        1.0157943410
        1.5909994999        0.7519318100        0.7520185670        0.7916728683        0.7471517195        0.4541136472        0.4516264132        0.4954086111        0.4539613933        0.5607777954        0.7637741556        0.7637645156        0.7661322069        0.7637645157        0.7661322070        0.5607777954        0.7637741557
        1.6182737774        0.7875380373        0.7874985663        0.8060128599        0.7885255204        0.4134431240        0.4134859970        0.4306941412        0.4130639374        0.4629156271        0.5768960134        0.5769121396        0.5766802347        0.5769121396        0.5766802347        0.4629156271        0.5768960134
        1.6455480548        0.8425713672        0.8424230965        0.8714525750        0.8434466384        0.4160997967        0.4160266435        0.4410125063        0.4156895350        0.4823722498        0.5864052949        0.5864460210        0.5862139407        0.5864460210        0.5862139407        0.4823722498        0.5864052949
        1.6728223322        0.8617615485        0.8627562828        0.8917200020        0.8612962702        0.4034375736        0.4048644407        0.4271391889        0.4045423606        0.5108095399        0.5571456916        0.5568672152        0.5572400878        0.5568672152        0.5572400878        0.5108095399        0.5571456916
        1.7000966096        1.0062617873        1.0049861009        1.0357462284        1.0056480442        0.4702416056        0.4702491756        0.4986766381        0.4702557012        0.6201628634        0.6604822253        0.6605710725        0.6605216190        0.6605710725        0.6605216190        0.6201628634        0.6604822253
        1.7273708870        0.9804952503        0.9812645707        0.9897270447        0.9809448366        0.4314580500        0.4314603685        0.4147880782        0.4314625399        0.5260295956        0.6298556186        0.6299785543        0.6299196180        0.6299785543        0.6299196180        0.5260295956        0.6298556186
        1.7546451645        0.8927735760        0.8905066678        0.8406918755        0.8925843568        0.3874415404        0.3879546002        0.3587298412        0.3878750143        0.5184542051        0.6025202853        0.6027620454        0.6025075792        0.6027620454        0.6025075792        0.5184542051        0.6025202853
        1.7819194419        1.4296070258        1.4293992639        1.3255583127        1.4292426172        0.5504442454        0.5503631060        0.4917964930        0.5500867227        0.8035526399        0.8950924898        0.8948531767        0.8951893147        0.8948531767        0.8951893147        0.8035526399        0.8950924898
        1.8091937193        1.3267760882        1.3302307554        1.4177478375        1.3270872282        0.3715632840        0.3715317510        0.4557879941        0.3712951679        0.5896634422        0.8711236040        0.8716488798        0.8712530425        0.8716488798        0.8712530425        0.5896634422        0.8711236040
        1.8364679967        1.0153679601        1.0074476183        0.9840174348        1.0129273516        0.2835517404        0.2838627522        0.3076590993        0.2842350607        0.4519192800        0.4998970740        0.4996400922        0.4998534899        0.4996400922        0.4998534899        0.4519192800        0.4998970740
        1.8637422742        1.1796211547        1.1803987028        1.2894301907        1.1804316120        0.3459116191        0.3457882724        0.3390104532        0.3460471406        0.5114908479        0.6231201580        0.6229769857        0.6229700293        0.6229769857        0.6229700293        0.5114908479        0.6231201580
        1.8910165516        1.2530230762        1.2533452886        1.3293259627        1.2534416406        0.3281028034        0.3280698539        0.3060983342        0.3282116833        0.5855971606        0.6775109859        0.6774422442        0.6774233901        0.6774422442        0.6774233901        0.5855971606        0.6775109859
        1.9182908290        2.1129977198        2.1981769333        2.3883998049        2.1014940049        0.3631193223        0.3630400164        0.3859844400        0.3632255735        0.6604317569        0.7181717978        0.7157523375        0.7183487665        0.7157523375        0.7183487665        0.6604317569        0.7181717978
        1.9455651064        1.2785440362        1.2789857875        1.3410623116        1.2782634101        0.2493671641        0.2493655937        0.2183668651        0.2495206333        0.5031190740        0.4650767900        0.4649769993        0.4650338833        0.4649769993        0.4650338833        0.5031190740        0.4650767900
        1.9728393838        1.9806871478        1.9791388004        2.0197879109        1.9825575873        0.3662378208        0.3662324954        0.3843335901        0.3663569290        0.6634950217        0.6654576224        0.6654963221        0.6656448567        0.6654963221        0.6656448567        0.6634950217        0.6654576224
        2.0001136613        1.8875843203        1.8881896921        1.7980514910        1.8837540086        0.3554816666        0.3553369033        0.3270426287        0.3554951914        0.6735424030        0.6575056252        0.6570689995        0.6567376021        0.6570689995        0.6567376021        0.6735424030        0.6575056252
        2.0273879387        2.0934795722        2.0918757309        2.0642949131        2.0917412095        0.4062124701        0.4065201120        0.4201082839        0.4061623213        0.7337020582        0.7508908172        0.7509376351        0.7512718383        0.7509376351        0.7512718383        0.7337020582        0.7508908172
        2.0546622161        1.9820041027        1.9817623893        2.0084101353        1.9820693891        0.4354557148        0.4354451052        0.4502389884        0.4356124766        0.7570405857        0.7816529179        0.7811173225        0.7811006353        0.7811173225        0.7811006353        0.7570405857        0.7816529179
        2.0819364935        1.8138074548        1.8133031376        1.8145110738        1.8134193743        0.4446899029        0.4447040321        0.4413591558        0.4447537636        0.7449303556        0.7717893961        0.7715069337        0.7715452219        0.7715069337        0.7715452219        0.7449303556        0.7717893961
        2.1092107709        1.5530076518        1.5529769475        1.5642989374        1.5530009750        0.4703780079        0.4703734732        0.4669770443        0.4704024264        0.7212335707        0.7552007954        0.7551274565        0.7551136530        0.7551274565        0.7551136530        0.7212335707        0.7552007954
        2.1364850484        1.3900471332        1.3901062931        1.3943837828        1.3900777805        0.7677640951        0.7691603130        0.7375039569        0.7696780944        0.7000354813        0.7406335252        0.7407766646        0.7406923423        0.7407766646        0.7406923423        0.7000354813        0.7406335252
        2.1637593258        1.3623509953        1.3621846013        1.3596404015        1.3620340079        0.9341773782        0.9358597472        0.9282673061        0.9343305277        0.7071085866        0.7395869289        0.7395942901        0.7392439669        0.7395942901        0.7392439669        0.7071085866        0.7395869289
        2.1910336032        1.4453790671        1.4453741507        1.4437071238        1.4451391231        1.0879921329        1.0832667949        1.0925772182        1.0906168924        0.7660098666        0.7918835124        0.7926938323        0.7933542845        0.7926938323        0.7933542845        0.7660098666        0.7918835124
        2.2183078806        1.4138868979        1.4143198717        1.4027758782        1.4141144745        1.1567822623        1.1560893847        1.1623943622        1.1549619896        0.7953829814        0.8238720845        0.8239282958        0.8239215040        0.8239282958        0.8239215040        0.7953829814        0.8238720845
        2.2455821580        1.3317485845        1.3322848368        1.3185335664        1.3322743339        1.1886092255        1.1886591886        1.1895531638        1.1877338840        0.7958839226        0.8257900319        0.8256403500        0.8256214959        0.8256403500        0.8256214959        0.7958839226        0.8257900319
        2.2728564355        1.2724157897        1.2730418503        1.2492823487        1.2728870641        1.2953191896        1.2951266235        1.2866297506        1.2924638607        0.8147208110        0.8449892831        0.8452950274        0.8452788967        0.8452950274        0.8452788967        0.8147208110        0.8449892831
        2.3001307129        1.2046027702        1.2040931640        1.1805140605        1.2039969802        1.2398420414        1.2399312299        1.2482631407        1.2433032822        0.7630842745        0.7903432913        0.7899583707        0.7899506923        0.7899583707        0.7899506923        0.7630842745        0.7903432913
        2.3274049903        1.1767387711        1.1774006545        1.1675614425        1.1775258687        1.1878298407        1.1882175271        1.1971907580        1.1874588603        0.7305475547        0.7595527106        0.7596577865        0.7595664676        0.7596577865        0.7595664676        0.7305475547        0.7595527106
        2.3546792677        1.2024594016        1.2029451839        1.1947301863        1.2028724285        1.2901351782        1.2903253806        1.2989188147        1.2896512350        0.7619786529        0.7915977535        0.7918222151        0.7917361189        0.7918222151        0.7917361189        0.7619786529        0.7915977535
        2.3819535451        1.2403363991        1.2385540722        1.2207603531        1.2379229311        1.3381556473        1.3384937731        1.3324790078        1.3374260029        0.7747439434        0.7945271626        0.7953478042        0.7954212550        0.7953478042        0.7954212550        0.7747439434        0.7945271626
        2.4092278226        1.2587873253        1.2570235192        1.2475669359        1.2582467299        1.3651066210        1.3659372380        1.3536925887        1.3653996633        0.7695016812        0.7954786903        0.7959419954        0.7957079507        0.7959436384        0.7957095937        0.7695033242        0.7954803333
        2.4365021000        1.2999112210        1.2988928169        1.2863291820        1.2989245361        1.5521889363        1.5508433698        1.5441736533        1.5526523782        0.7725106372        0.8028949829        0.8029928140        0.8026991134        0.8030201029        0.8027264022        0.7725379260        0.8029222717
        2.4637763774        1.3408305297        1.3418635158        1.3148264726        1.3410023116        1.8813377340        1.8799491986        1.8569081485        1.8814784046        0.7754228058        0.8018324406        0.8012317303        0.8012835035        0.8012508731        0.8013026463        0.7754419486        0.8018515834
        2.4910506548        1.5000419398        1.5002230325        1.4866175491        1.5003373231        2.7029707329        2.7038404593        2.6455938752        2.7028674470        0.8569373799        0.8790647738        0.8786946790        0.8793356535        0.8786426505        0.8792836249        0.8568853513        0.8790127452
        2.5183249322        1.5782286736        1.5780062956        1.5924133532        1.5782408983        2.5702492639        2.5703345143        2.5729280031        2.5707298839        0.8520857644        0.8810158027        0.8808875841        0.8808993409        0.8808875841        0.8808993409        0.8520857644        0.8810158027
        2.5455992097        1.5086415262        1.5017704120        1.5595979660        1.5009781468        2.3579698272        2.3584549271        2.3825336688        2.3596146968        0.8154502447        0.8604141803        0.8616832226        0.8620903723        0.8616832226        0.8620903723        0.8154502447        0.8604141803
        2.5728734871        1.2980423186        1.2975895051        1.3490760484        1.2960473638        1.9883394177        1.9877497693        2.0892810383        1.9887720956        0.8442914307        0.8739523865        0.8739092251        0.8737987867        0.8739092251        0.8737987867        0.8442914307        0.8739523865
        2.6001477645        1.2233866105        1.2271162588        1.3070085506        1.2251477395        1.4909343423        1.4827989469        1.5691921594        1.4808434423        0.8254339879        0.8416644054        0.8418918337        0.8421005273        0.8418918337        0.8421005273        0.8254339879        0.8416644054
        2.6274220419        1.2200275771        1.2199589260        1.2483153821        1.2204311988        1.3389733831        1.3391428272        1.3721957575        1.3390038880        0.8825842475        0.8871413334        0.8870694312        0.8871842521        0.8870675619        0.8871823829        0.8825823783        0.8871394642
        2.6546963193        0.9238695977        0.9238086523        0.9681677624        0.9231499695        0.9302729011        0.9300464970        0.9546091053        0.9303034992        0.8153686202        0.8200090479        0.8199974709        0.8196139074        0.8199884935        0.8196049300        0.8153596428        0.8200000704
        2.6819705968        1.0035292806        1.0032676687        1.0845400824        1.0022436730        1.3615850230        1.3633411382        1.3904323465        1.3589441666        1.0364719701        1.0004144367        0.9997951470        0.9965206675        0.9997755657        0.9965010861        1.0364523888        1.0003948554
        2.7092448742        1.0663542717        1.0665427283        1.0571081366        1.0665002791        1.1597190538        1.1609460367        1.1403525214        1.1623597784        0.9618827789        0.9268388857        0.9270140505        0.9217885375        0.9269344296        0.9217089166        0.9618031580        0.9267592648
        2.7365191516        0.8811866739        0.8813072711        0.8356057938        0.8812195066        1.0223511825        1.0226942606        1.0155494310        1.0226748363        0.8134050446        0.7600419644        0.7594075898        0.7600635889        0.7594339451        0.7600899441        0.8134313998        0.7600683196
        2.7637934290        0.7957479577        0.7957106217        0.7394340782        0.7957489038        0.8756552250        0.8766060162        0.8619276296        0.8765626267        0.7038690550        0.6594078405        0.6610112767        0.6594010061        0.6611116548        0.6595013842        0.7039694330        0.6595082186
        2.7910677064        0.7459775188        0.7447824212        0.7143175532        0.7459816696        0.7726151280        0.7727135239        0.7694331967        0.7727808726        0.6345664683        0.6174169053        0.6172056093        0.6174317223        0.6172056093        0.6174317223        0.6345664683        0.6174169053
        2.8183419839        0.6960321535        0.6935565488        0.6511575511        0.6960483759        0.6553421213        0.6552555758        0.6755053096        0.6554929497        0.5471190383        0.5537449439        0.5532800564        0.5537983356        0.5532800564        0.5537983356        0.5471190383        0.5537449439
        2.8456162613        0.7022066797        0.7063953006        0.6916270608        0.7021317283        0.7983261138        0.7967120800        0.7809292097        0.7969715499        0.6748989843        0.6082868376        0.6086603420        0.6088904279        0.6086603420        0.6088904279        0.6748989843        0.6082868376
        2.8728905387        1.0815999179        1.0794158436        1.0279612111        1.0818429928        0.9548499065        0.9552573032        0.9101859490        0.9553935186        0.8847681694        0.8265067556        0.8264134779        0.8256298193        0.8264134779        0.8256298193        0.8847681694        0.8265067556
        2.9001648161        1.1670835337        1.1706046507        1.1876337346        1.1673919123        0.9209835530        0.9197057769        0.8914940633        0.9197162227        0.8555066573        0.8161258630        0.8170563094        0.8151386827        0.8170563094        0.8151386827        0.8555066573        0.8161258630
        2.9274390936        1.3201519404        1.3207622300        1.3953081075        1.3200482400        1.1123264929        1.1121501437        1.1242064685        1.1122379248        1.0050560363        0.9933631856        0.9933715638        0.9937305384        0.9933715638        0.9937305384        1.0050560363        0.9933631856
        2.9547133710        1.3750027198        1.3750093847        1.4054595064        1.3748525716        1.2403109014        1.2402222850        1.2248090689        1.2408246310        1.1083816503        1.1029700622        1.1028678470        1.1028266136        1.1028678470        1.1028266136        1.1083816503        1.1029700622
        2.9819876484        1.4555983720        1.4585574581        1.4524880145        1.4573161597        1.1956650254        1.1956957160        1.2224949055        1.1965674277        1.1850649342        1.1961144899        1.1958940238        1.1960080537        1.1958940238        1.1960080537        1.1850649342        1.1961144899
        3.0092619258        1.3013543537        1.3002532608        1.3356951837        1.3013375991        1.3479888626        1.3481619382        1.3426217678        1.3486198601        1.2004438836        1.1803058743        1.1804917955        1.1804762600        1.1804917955        1.1804762600        1.2004438836        1.1803058743
        3.0365362032        1.2789356926        1.2802190251        1.2563849488        1.2793592256        1.1824458820        1.1827078014        1.1582245809        1.1807745359        1.2030967256        1.1928708303        1.1933507292        1.1933128449        1.1933507292        1.1933128449        1.2030967256        1.1928708303
        3.0638104807        1.5600772686        1.5602326338        1.5635221400        1.5599996017        1.2963044885        1.2961594023        1.2304878441        1.2961490736        1.3392655658        1.3703449937        1.3704920894        1.3707503611        1.3704920166        1.3707502884        1.3392654931        1.3703449210
        3.0910847581        1.6252043021        1.6242282247        1.6342439115        1.6240130207        1.5126555820        1.5131236905        1.5965877796        1.5136709873        1.3393809834        1.3913109419        1.3908386061        1.3914174369        1.3908386099        1.3914174407        1.3393809872        1.3913109457
        3.1183590355        1.2363653727        1.2376015155        1.2101062432        1.2387424252        1.0568428534        1.0575595483        1.0565422580        1.0565203281        1.1713929520        1.1634008306        1.1630544257        1.1631323425        1.1630532899        1.1631312067        1.1713918162        1.1633996948
        3.1456333129        0.9500726165        0.9500014200        0.9882207099        0.9499693294        0.7413061593        0.7413066717        0.7642705206        0.7412819209        1.1148594742        1.1157679079        1.1157574683        1.1157516560        1.1157592500        1.1157534377        1.1148612559        1.1157696896
        3.1729075903        0.8246580664        0.8250282919        0.8605639974        0.8256799087        0.7800224406        0.7881419428        0.8571658899        0.7882948264        1.2166822323        1.1685453327        1.1656594780        1.1676294899        1.1656599735        1.1676299854        1.2166827277        1.1685458282
        3.2001818678        0.9243876271        0.9248975836        0.9588872005        0.9255781157        0.8817214272        0.8795016544        0.8896458436        0.8794804026        1.6860917747        1.5503015328        1.5503938320        1.5497699919        1.5503938433        1.5497700032        1.6860917860        1.5503015441
        3.2274561452        1.5088381578        1.5095040290        1.6042846385        1.5083604631        1.5075250881        1.5093630331        1.5986486718        1.5077958894        3.0893713518        3.1543373770        3.1485879318        3.1565315865        3.1485881542        3.1565318090        3.0893715743        3.1543375995
        3.2547304226        1.2266768246        1.2265466576        1.1653277141        1.2258710963        1.2191840983        1.2185682585        1.3072312645        1.2191877951        2.4755917769        2.6653408789        2.6654182968        2.6632229129        2.6654182033        2.6632228195        2.4755916834        2.6653407854
        3.2820047000        0.8144456201        0.8139062909        0.7856619456        0.8157755270        0.8801114181        0.8807801490        0.9107412140        0.8799174496        1.8413124228        1.7170050119        1.7186381755        1.7160348035        1.7186381755        1.7160348035        1.8413124228        1.7170050119
        3.3092789774        1.0856518278        1.0856223484        1.0505401464        1.0853382134        1.0958146728        1.0957155267        1.1121218575        1.0953157555        2.4645505849        2.3904560706        2.3928597335        2.3944230208        2.3928597335        2.3944230208        2.4645505849        2.3904560706
        3.3365532549        1.1300301754        1.1300154224        1.0249351675        1.1299605013        0.8231350058        0.8230050692        0.8934132971        0.8233846074        2.3904329910        2.1419883695        2.1408695418        2.1402499697        2.1408695418        2.1402499697        2.3904329910        2.1419883695
        3.3638275323        1.3121249420        1.3122091707        1.2363785911        1.3121220067        0.8080108879        0.8080029404        0.8037220087        0.8084317092        2.4667606177        2.2569840231        2.2557797368        2.2557531578        2.2557797368        2.2557531578        2.4667606177        2.2569840231
        3.3911018097        1.5164271827        1.5170272516        1.5882517042        1.5158016448        0.8929730704        0.8926877280        0.8691124574        0.8925894147        2.7246616427        2.7039405676        2.7053736447        2.7039817107        2.7053736447        2.7039817107        2.7246616427        2.7039405676
        3.4183760871        0.8827799477        0.8785008055        0.7436336002        0.8838205129        0.9089111933        0.9090456230        0.6629483193        0.9089535272        1.9560672464        1.6146207615        1.6140947312        1.6152156366        1.6140947312        1.6152156366        1.9560672464        1.6146207615
        3.4456503645        0.3584724119        0.3584724119        0.3887562858        0.3584724119        0.5859995318        0.5859995318        0.5412908470        0.5859995318        0.7609121274        0.7952064473        0.7952064473        0.7952064473        0.7952064473        0.7952064473        0.7609121274        0.7952064473
        3.4729246420        0.5828738386        0.5828738386        0.5853045733        0.5828738386        0.9125039333        0.9125039333        0.8385781586        0.9125039333        1.4393039560        1.4525887127        1.4525887127        1.4525887127        1.4525887191        1.4525887191        1.4393039624        1.4525887191
        3.5001989194        0.6598882899        0.6598882899        0.6642877812        0.6598882899        0.8246782622        0.8246782622        0.8019635622        0.8246782623        1.6306884481        1.7016415640        1.7016415640        1.7016415640        1.7016417087        1.7016417087        1.6306885927        1.7016417087
        3.5274731968        1.1838412377        1.1843909674        1.1866783530        1.1848783260        0.5892555329        0.5891649824        0.5671670133        0.5893579671        2.4034554412        2.5205401324        2.5199404702        2.5194074885        2.5199403631        2.5194073814        2.4034553341        2.5205400253
        3.5547474742        0.6241272501        0.6244092706        0.6545083463        0.6250860480        0.6697778718        0.6700457318        0.6902269124        0.6694147502        2.0743443150        2.2661742941        2.2656514822        2.2646093581        2.2656514753        2.2646093512        2.0743443081        2.2661742872
        3.5820217516        0.3158383110        0.3159541668        0.3110135083        0.3159211421        0.7770812908        0.7770715308        0.7741318043        0.7771302885        1.3310843900        1.4143214785        1.4148907314        1.4150668986        1.4148907314        1.4150668986        1.3310843900        1.4143214785
        3.6092960291        0.3387335510        0.3387335510        0.2769935418        0.3387335510        1.0491231265        1.0491231265        0.9647584966        1.0491231265        1.6055264561        1.5384585635        1.5384585635        1.5384585635        1.5384585635        1.5384585635        1.6055264561        1.5384585635
        3.6365703065        0.0315400132        0.0315400132        0.0308449844        0.0315400132        0.2826598425        0.2826598425        0.2302302789        0.2826598425        0.1914922525        0.1885971456        0.1885971456        0.1885971456        0.1885971456        0.1885971456        0.1914922525        0.1885971456
        3.6638445839        0.0968928043        0.0968928043        0.1100303815        0.0968928043        1.2262013427        1.2262013427        1.2748304510        1.2262013427        0.5770855124        0.6213665188        0.6213665188        0.6213665188        0.6213665188        0.6213665188        0.5770855124        0.6213665188
        3.6911188613        0.0305844740        0.0305844740        0.0338756061        0.0305844740        0.6688040200        0.6688040200        0.6567450410        0.6688040200        0.2341444532        0.2399241321        0.2399241321        0.2399241321        0.2399241321        0.2399241321        0.2341444532        0.2399241321
        3.7183931387        0.0333112536        0.0333112920        0.0406376812        0.0333112552        0.9291318037        0.9287949857        0.9926929918        0.9297740327        0.3016301330        0.3104675493        0.3103785154        0.3103317510        0.3103785154        0.3103317510        0.3016301330        0.3104675493
        3.7456674162        0.0633889299        0.0634022244        0.0653332284        0.0633895086        1.6801373900        1.6795842418        1.7717647928        1.6788866626        0.5814584873        0.6215466562        0.6217365954        0.6216441315        0.6217365954        0.6216441315        0.5814584873        0.6215466562
        3.7729416936        0.0409977731        0.0409976865        0.0407849227        0.0409977693        1.1919931831        1.1919931500        1.1507739343        1.1919929731        0.3517923801        0.3544214541        0.3544213761        0.3544214740        0.3544213761        0.3544214740        0.3517923801        0.3544214541
        3.8002159710        0.0536486296        0.0536406164        0.0556821618        0.0536484155        1.5248050024        1.5248684741        1.5631904185        1.5248873740        0.4559715128        0.4648920545        0.4648607264        0.4648994791        0.4648607264        0.4648994791        0.4559715128        0.4648920545
        3.8274902484        0.0364585121        0.0364419865        0.0370591098        0.0364468653        1.1761435759        1.1760545342        1.2108229068        1.1805661582        0.3374320981        0.3458450282        0.3464196023        0.3465075437        0.3464196023        0.3465075437        0.3374320981        0.3458450282
        3.8547645258        0.0317357761        0.0317364035        0.0320255888        0.0317380389        1.0246092058        1.0245514193        1.0542022823        1.0238540265        0.2908516441        0.2987933220        0.2986673137        0.2987106159        0.2986673137        0.2987106159        0.2908516441        0.2987933220
        3.8820388033        0.0315271301        0.0317833580        0.0321843504        0.0317856321        0.9720826993        0.9721278089        1.0049058417        0.9649135956        0.2698882263        0.2774684958        0.2766732411        0.2766687908        0.2766732411        0.2766687908        0.2698882263        0.2774684958
        3.9093130807        0.0316445446        0.0316920372        0.0321862245        0.0316923145        0.9405291062        0.9405188089        0.9634101303        0.9394880813        0.2514235236        0.2641510478        0.2640416188        0.2640505560        0.2640416188        0.2640505560        0.2514235236        0.2641510478
        3.9365873581        0.0279515363        0.0277032776        0.0276195113        0.0276967370        0.7849372831        0.7848352896        0.8030278818        0.7898638720        0.2031457828        0.2098134402        0.2102947937        0.2103170162        0.2102947937        0.2103170162        0.2031457828        0.2098134402
        3.9638616355        0.0223032282        0.0221597625        0.0224609303        0.0221492708        0.6310409661        0.6308863877        0.6511690038        0.6339143204        0.1563873266        0.1621075349        0.1623875293        0.1624313792        0.1623875293        0.1624313792        0.1563873266        0.1621075349
        3.9911359129        0.0202890399        0.0202915034        0.0203774320        0.0202839875        0.5794869659        0.5793786327        0.5906568402        0.5794671840        0.1413024602        0.1436536350        0.1436505804        0.1436861070        0.1436505804        0.1436861070        0.1413024602        0.1436536350
        4.0184101904        0.0192478881        0.0192488456        0.0190707984        0.0192459156        0.5560346265        0.5559901816        0.5595035721        0.5560259030        0.1345480095        0.1350697923        0.1350680399        0.1350830983        0.1350680399        0.1350830983        0.1345480095        0.1350697923
        4.0456844678        0.0184775750        0.0184775095        0.0184729556        0.0184777218        0.5453036888        0.5453095978        0.5497652056        0.5453055421        0.1317115943        0.1319083707        0.1319091770        0.1319066168        0.1319091770        0.1319066168        0.1317115943        0.1319083707
        4.0729587452        0.0175073535        0.0175069357        0.0175269904        0.0175104609        0.5353642110        0.5354499905        0.5401536519        0.5353764261        0.1295630449        0.1303259418        0.1303312418        0.1302948181        0.1303312418        0.1302948181        0.1295630449        0.1303259418
        4.1002330226        0.0168636429        0.0168622781        0.0168787880        0.0168788713        0.5337523051        0.5341472703        0.5414707117        0.5337942324        0.1292341203        0.1315122461        0.1315305309        0.1313633078        0.1315305309        0.1313633078        0.1292341203        0.1315122461
        4.1275073001        0.0161867869        0.0161853073        0.0160885677        0.0162052392        0.5308376005        0.5313096907        0.5361003337        0.5308838246        0.1284668405        0.1305194711        0.1305396635        0.1303399191        0.1305396635        0.1303399191        0.1284668405        0.1305194711
        4.1547815775        0.0157693115        0.0157685839        0.0157558743        0.0157800397        0.5245392086        0.5248087445        0.5304463397        0.5245625986        0.1272497510        0.1288583999        0.1288686459        0.1287547056        0.1288686459        0.1287547056        0.1272497510        0.1288583999
        4.1820558549        0.0146490392        0.0146489479        0.0145942133        0.0146501488        0.5136977090        0.5137261854        0.5187069948        0.5137005511        0.1256117714        0.1268401354        0.1268413764        0.1268293261        0.1268413764        0.1268293261        0.1256117714        0.1268401354
        4.2093301323        0.0136862051        0.0136862361        0.0135225682        0.0136841891        0.4938669043        0.4938220397        0.4980953203        0.4938666833        0.1232821697        0.1239906577        0.1239905819        0.1240093269        0.1239905819        0.1240093269        0.1232821697        0.1239906577
        4.2366044097        0.0135319468        0.0135350707        0.0132830441        0.0135347621        0.4776328511        0.4776079331        0.4785583788        0.4775728735        0.1214386428        0.1213959596        0.1213712048        0.1213822676        0.1213712048        0.1213822676        0.1214386428        0.1213959596
        4.2638786872        0.0124901408        0.0124941287        0.0123482140        0.0124954917        0.4679646969        0.4679712388        0.4707097057        0.4678878081        0.1186549977        0.1191019335        0.1190701857        0.1190682898        0.1190701857        0.1190682898        0.1186549977        0.1191019335
        4.2911529646        0.0116988890        0.0117003477        0.0115988557        0.0117014899        0.4748513981        0.4748678393        0.4785686731        0.4748231558        0.1224092986        0.1233070031        0.1232953368        0.1232887759        0.1232953368        0.1232887759        0.1224092986        0.1233070031
        4.3184272420        0.0113378619        0.0113350732        0.0110486687        0.0113273434        0.4830204075        0.4828679064        0.4876822213        0.4830754277        0.1254265953        0.1262211935        0.1262439627        0.1263070726        0.1262439627        0.1263070726        0.1254265953        0.1262211935
        4.3457015194        0.0114327383        0.0114345024        0.0114032168        0.0114342697        0.4929988225        0.4929820436        0.4921454944        0.4929694951        0.1272243400        0.1269691026        0.1269571495        0.1269645015        0.1269571495        0.1269645015        0.1272243400        0.1269691026
        4.3729757968        0.0115214632        0.0115229456        0.0115425051        0.0115251916        0.5091199619        0.5091598427        0.5180238704        0.5090927082        0.1315375996        0.1340224152        0.1340112034        0.1339948480        0.1340112034        0.1339948480        0.1315375996        0.1340224152
        4.4002500743        0.0124899914        0.0125004753        0.0126484373        0.0126360889        0.5329027124        0.5354783101        0.5300343005        0.5327038333        0.1377432773        0.1368582215        0.1367761864        0.1357136778        0.1367761864        0.1357136778        0.1377432773        0.1368582215
        4.4275243517        0.0190474522        0.0190466253        0.0183778584        0.0190351656        0.6987733711        0.6985556738        0.6663518941        0.6987890794        0.1755807908        0.1634156976        0.1634221779        0.1635119861        0.1634221779        0.1635119861        0.1755807908        0.1634156976
        4.4547986291        0.0103726089        0.0103726089        0.0101330613        0.0103726089        0.4347430787        0.4347430787        0.4205524320        0.4347430787        0.1161254470        0.1110867756        0.1110867756        0.1110867756        0.1110867756        0.1110867756        0.1161254470        0.1110867756
        4.4820729065        0.0072185693        0.0072185693        0.0070940702        0.0072185693        0.3469507900        0.3469507900        0.3378051972        0.3469507900        0.0954894427        0.0925421244        0.0925421244        0.0925421244        0.0925421244        0.0925421244        0.0954894427        0.0925421244
        4.5093471839        0.0042835584        0.0042835584        0.0042229937        0.0042835584        0.2414468408        0.2414468408        0.2360151326        0.2414468408        0.0676571344        0.0660901944        0.0660901944        0.0660901944        0.0660901944        0.0660901944        0.0676571344        0.0660901944
        4.5366214614        0.0008183221        0.0008183221        0.0008712006        0.0008183221        0.0814268673        0.0814268673        0.0745454031        0.0814268673        0.0237731018        0.0224196460        0.0224196460        0.0224196460        0.0224196460        0.0224196460        0.0237731018        0.0224196460
        4.5638957388        0.0000000000        0.0000000000        0.0000000000        0.0000000000        0.0000000000        0.0000000000        0.0000000000        0.0000000000        0.0000000000        0.0000000000        0.0000000000        0.0000000000        0.0000000000        0.0000000000        0.0000000000        0.0000000000
        4.5911700162        0.0000000000        0.0000000000        0.0000000000        0.0000000000        0.0000000000        0.0000000000        0.0000000000        0.0000000000        0.0000000000        0.0000000000        0.0000000000        0.0000000000        0.0000000000        0.0000000000        0.0000000000        0.0000000000
        4.6184442936        0.0000000000        0.0000000000        0.0000000000        0.0000000000        0.0000000000        0.0000000000        0.0000000000        0.0000000000        0.0000000000        0.0000000000        0.0000000000        0.0000000000        0.0000000000        0.0000000000        0.0000000000        0.0000000000
        4.6457185710        0.0000000000        0.0000000000        0.0000000000        0.0000000000        0.0000000000        0.0000000000        0.0000000000        0.0000000000        0.0000000000        0.0000000000        0.0000000000        0.0000000000        0.0000000000        0.0000000000        0.0000000000        0.0000000000
        4.6729928485        0.0000000000        0.0000000000        0.0000000000        0.0000000000        0.0000000000        0.0000000000        0.0000000000        0.0000000000        0.0000000000        0.0000000000        0.0000000000        0.0000000000        0.0000000000        0.0000000000        0.0000000000        0.0000000000
        4.7002671259        0.0000000000        0.0000000000        0.0000000000        0.0000000000        0.0000000000        0.0000000000        0.0000000000        0.0000000000        0.0000000000        0.0000000000        0.0000000000        0.0000000000        0.0000000000        0.0000000000        0.0000000000        0.0000000000
        4.7275414033        0.0000000000        0.0000000000        0.0000000000        0.0000000000        0.0000000000        0.0000000000        0.0000000000        0.0000000000        0.0000000000        0.0000000000        0.0000000000        0.0000000000        0.0000000000        0.0000000000        0.0000000000        0.0000000000
        4.7548156807        0.0000000000        0.0000000000        0.0000000000        0.0000000000        0.0000000000        0.0000000000        0.0000000000        0.0000000000        0.0000000000        0.0000000000        0.0000000000        0.0000000000        0.0000000000        0.0000000000        0.0000000000        0.0000000000
        4.7820899581        0.0000000000        0.0000000000        0.0000000000        0.0000000000        0.0000000000        0.0000000000        0.0000000000        0.0000000000        0.0000000000        0.0000000000        0.0000000000        0.0000000000        0.0000000000        0.0000000000        0.0000000000        0.0000000000
        4.8093642356        0.0000000000        0.0000000000        0.0000000000        0.0000000000        0.0000000000        0.0000000000        0.0000000000        0.0000000000        0.0000000000        0.0000000000        0.0000000000        0.0000000000        0.0000000000        0.0000000000        0.0000000000        0.0000000000
        4.8366385130        0.0000000000        0.0000000000        0.0000000000        0.0000000000        0.0000000000        0.0000000000        0.0000000000        0.0000000000        0.0000000000        0.0000000000        0.0000000000        0.0000000000        0.0000000000        0.0000000000        0.0000000000        0.0000000000
        4.8639127904        0.0000000000        0.0000000000        0.0000000000        0.0000000000        0.0000000000        0.0000000000        0.0000000000        0.0000000000        0.0000000000        0.0000000000        0.0000000000        0.0000000000        0.0000000000        0.0000000000        0.0000000000        0.0000000000
        4.8911870678        0.0000000000        0.0000000000        0.0000000000        0.0000000000        0.0000000000        0.0000000000        0.0000000000        0.0000000000        0.0000000000        0.0000000000        0.0000000000        0.0000000000        0.0000000000        0.0000000000        0.0000000000        0.0000000000
        4.9184613452        0.0000000000        0.0000000000        0.0000000000        0.0000000000        0.0000000000        0.0000000000        0.0000000000        0.0000000000        0.0000000000        0.0000000000        0.0000000000        0.0000000000        0.0000000000        0.0000000000        0.0000000000        0.0000000000
        4.9457356227        0.0000000000        0.0000000000        0.0000000000        0.0000000000        0.0000000000        0.0000000000        0.0000000000        0.0000000000        0.0000000000        0.0000000000        0.0000000000        0.0000000000        0.0000000000        0.0000000000        0.0000000000        0.0000000000
        4.9730099001        0.0000000000        0.0000000000        0.0000000000        0.0000000000        0.0000000000        0.0000000000        0.0000000000        0.0000000000        0.0000000000        0.0000000000        0.0000000000        0.0000000000        0.0000000000        0.0000000000        0.0000000000        0.0000000000
        5.0002841775        0.0000000000        0.0000000000        0.0000000000        0.0000000000        0.0000000000        0.0000000000        0.0000000000        0.0000000000        0.0000000000        0.0000000000        0.0000000000        0.0000000000        0.0000000000        0.0000000000        0.0000000000        0.0000000000
